-0.0043075517186628165 0.0036731275311576066 0.00011615449134729132 -0.011506881679731726 0.002891778242406092 0.2409079336267288
-0.0007040714268143706 0.003734946062607398 0.00011810936495717223 -0.00802456570952487 0.0066164228558961286 0.8504775603824966
0.0011343235432305656 0.003616119556331255 0.0001143517408948432 -0.005953270787178694 0.008221917873639826 0.7537600675337627
-0.004251670413890404 0.003802568137334531 0.00012024776271961074 -0.011704703963066086 0.0032013631352852774 0.2635221549674456
0.008107018553476703 0.0037637021380178635 0.00011901871190581856 0.0007301623629616906 0.015483874743991714 0.03124008548413047
0.0010941328422491483 0.003518389274891313 0.00011126123803764823 -0.005801910136537825 0.007990175821036121 0.7558192516992299
-0.005914966576534187 0.004017986904340803 0.00012705990226446025 -0.013790220909042162 0.001960287755973787 0.14098795851130524
-0.0007627556428298039 0.0036917237602083473 0.00011674255574419664 -0.007998534212838165 0.006473022927178557 0.836312631147822
0.00019162529015743048 0.0036287395128039783 0.0001147508189591031 -0.0069207041549383674 0.007303954735253228 0.9578851477395175
-0.004629863822002006 0.0037215262659254966 0.00011768499372466045 -0.01192405530321598 0.0026643276592119673 0.21347136454632543
0.0006043378516140931 0.0037651988421077876 0.00011906604184489306 -0.00677545187891717 0.007984127582145357 0.8724823185502709
0.004120963237895899 0.0036642705247267432 0.00011587440821156845 -0.0030610069905685176 0.011302933466360316 0.2607441575270154
0.0008193056004691589 0.004231943060689784 0.000133825789999239 -0.007475302798482817 0.009113913999421134 0.8464888347117259
-0.0058266736370301215 0.0036512088807750735 0.00011546136276283407 -0.012983043043349265 0.0013296957692890228 0.11052889609188106
-0.00021572872086715966 0.003839389610163817 0.00012141215992903621 -0.00774093235678824 0.007309474915053921 0.955191812966303
-0.0003219135866533274 0.0036317235200805506 0.00011484518155458793 -0.007440091686011206 0.006796264512704551 0.9293685399642074
-0.0006817764377833692 0.0037620529626120358 0.00011896656040038308 -0.008055400244502959 0.006691847368936221 0.8561913083007919
-0.0020876877539931496 0.003555090767879372 0.00011242184115135788 -0.009055665659036718 0.004880290151050419 0.5570432394672875
0.0028894969382792174 0.003925186939915709 0.0001241253097208013 -0.004803869463955572 0.010582863340514007 0.46164397900482756
-0.0020655452370019357 0.0035091643887578744 0.00011096952152427452 -0.00894350743896737 0.004812416964963498 0.5561198674760328
0.003449131337571652 0.0035638785554009847 0.0001126997353929769 -0.0035360706310142783 0.010434333306157582 0.333142908225875
0.005847845362219173 0.0038497280691715497 0.00012173909070864342 -0.0016976216533570645 0.01339331237779541 0.12875540683475245
-0.005239523835786646 0.00379564694850799 0.00012002889551153096 -0.012678991854862307 0.0021999441832890147 0.1674624834176981
0.0018856345359261376 0.003728951879322609 0.0001179198122382478 -0.005423111147546176 0.009194380219398451 0.6130854248716315
0.00019747811565263255 0.003343723028405474 0.0001057378063451719 -0.006356219020022097 0.006751175251327362 0.9529048344252324
0.003478043920016567 0.003536755150890977 0.00011184201803147982 -0.003453996175729748 0.010410084015762882 0.3254107626669406
-0.003023387369912214 0.0036138539921831392 0.00011428009746591054 -0.010106541194591166 0.004059766454766739 0.40281167002708185
0.004490671473752636 0.0037251356116360552 0.0001177991312577437 -0.002810594325054032 0.011791937272559304 0.22800821548206196
0.003837079412589027 0.003505910408647673 0.0001108666216381833 -0.0030345049883604125 0.010708663813538466 0.2737531930613778
-0.001643955968173984 0.0035292353536746745 0.00011160422116401872 -0.008561257261376347 0.005273345325028378 0.6413509288613544
0.0005606999134356428 0.0035504547528985267 0.00011227523748529654 -0.00639819140224547 0.007519591229116755 0.8745171528434142
-0.005400733514507328 0.003645474674463639 0.00011528003123765962 -0.012545863876456061 0.0017443968474414049 0.13847610330481172
-0.002403689667879264 0.003623940389180456 0.00011459905734487259 -0.009506612830672959 0.0046992334949144295 0.5071508038597048
-8.695245122702946e-05 0.0037001294689828716 0.00011700836759495223 -0.007339206210433457 0.007165301307979399 0.9812515659554986
0.00032006510738106223 0.0037136090984961705 0.00011743463090772475 -0.0069586087256714325 0.007598738940433556 0.9313177048114806
-0.0024788223240034663 0.003738932391927242 0.0001182354237587144 -0.00980712981218086 0.0048494851641739285 0.5073459452498611
-0.0004311927944535447 0.00371441325760497 0.00011746006065157453 -0.007711442779359286 0.006849057190452196 0.9075840818316736
-0.0008373157217099396 0.003820648676167699 0.00012081951955997008 -0.00832578712699863 0.00665115568357875 0.826529010265967
0.0050719458132960586 0.0037789057397513196 0.00011949949200697661 -0.0023347094366165276 0.012478601063208646 0.17953986073854267
0.0036831471163912086 0.003843093649246718 0.0001215292919294787 -0.0038493164361323587 0.011215610668914775 0.33787077982453106
0.0028353126543904593 0.0035350822932124046 0.00011178911762682391 -0.004093448640305853 0.009764073949086773 0.42252405222161415
-0.006251595598808675 0.00361091892523375 0.00011418728249945903 -0.013328996692266825 0.0008258054946494748 0.0833976956533094
0.003939647604639823 0.0038419942206319177 0.00012149452494400337 -0.0035906610677987356 0.011469956277078381 0.30516629623780234
-0.0032587655946016364 0.0034388992321019475 0.00010874754217246183 -0.009999008089521453 0.003481476900318181 0.3433235472868196
-0.0012834677702435384 0.003478010090873722 0.00010998433612210166 -0.008100367548356033 0.005533432007868957 0.7121101414271491
-0.00017021885569815632 0.003792544691329958 0.00011993079352582908 -0.007603606450704873 0.007263168739308561 0.9642009723652702
0.0004345400584103135 0.0035464101538172166 0.0001121473360321049 -0.006516423843071431 0.007385503959892058 0.9024796407367967
-0.00030523344321165295 0.003542459684515961 0.00011202241122391948 -0.007248454424862936 0.006637987538439629 0.9313358355835007
-0.0005169670756985053 0.0036240795945984075 0.00011460345940670621 -0.007620163081111384 0.006586228929714373 0.8865683239402199
0.0068238571916116415 0.0037750610603401644 0.00011937791256885256 -0.0005752624866550808 0.014222976869878364 0.07066643405339444
0.0027449759620847367 0.0036121068120285016 0.00011422484677819754 -0.004334753389491126 0.0098247053136606 0.4472918551798466
-0.0023005848056814647 0.0038462374721476922 0.00012162870833875146 -0.00983921025109094 0.005238040639728012 0.5497471599054042
0.0017568799165101384 0.0035834707831346084 0.0001133192960337266 -0.005266722818433694 0.008780482651453972 0.6239405435705072
-0.0036405239835817535 0.003761286548640754 0.00011894232426258483 -0.01101264561891763 0.003731597651754124 0.3330976696007627
-0.0028924112432031743 0.0035142858752595955 0.00011113147714778698 -0.009780411558711982 0.003995589072305633 0.4104830793312475
-0.0049955959579401485 0.00365542939699026 0.0001155948272042507 -0.012160237576041058 0.0021690456601607608 0.1717433266831888
-0.00313985333418319 0.0036761167929669856 0.00011624902010569327 -0.010345042248398481 0.004065335580032102 0.39303722856493695
-0.003121113056969446 0.0038902388658969152 0.00012302015458344587 -0.0107459812341274 0.004503755120188508 0.42238324587510845
0.0020773559960086297 0.0036961498736513545 0.00011688252174081857 -0.005167097756348025 0.009321809748365285 0.5740939421577249
0.003742475402489429 0.003947974955493958 0.00012484593004662796 -0.003995555510278729 0.011480506315257587 0.3431558705319244
-0.001204572105093577 0.003797162980901275 0.00012007683666522473 -0.008647011547660075 0.006237867337472921 0.7510694690153179
-0.004784941674005365 0.003855758428688389 0.00012192978742047225 -0.012342228194234608 0.002772344846223877 0.21461097395665185
-0.00555331640413732 0.003879108834867155 0.00012266819209862196 -0.013156369720476943 0.002049736912202304 0.1522594962803635
-0.00010550576801720005 0.0036312797685439328 0.00011483114889887882 -0.007222814114363308 0.007011802578328908 0.9768209594820653
-0.0020938850065212043 0.0034799245925326108 0.00011004487798036425 -0.00891453720788512 0.004726767194842713 0.5473710990294358
-0.004129430192012437 0.0036841671236046334 0.00011650359391301728 -0.011350397754277519 0.0030915373702526446 0.2623480801918123
-0.0011669493368138728 0.0037824062921051607 0.00011961018919204463 -0.008580465669339987 0.006246566995712242 0.7576864131236597
-0.009278215370159734 0.0038219067902626126 0.00012085930462093296 -0.016769152679074455 -0.0017872780612450132 0.015197402874419973
-0.009103962519769603 0.0037143510536190153 0.00011745809358882294 -0.01638409058486287 -0.001823834454676333 0.01424505675845427
-0.008037753300526862 0.0037318812097336986 0.00011801244579943022 -0.015352240471604911 -0.000723266129448813 0.0312552805143114
-0.0002696781591221033 0.003608477284378598 0.000114110071036155 -0.0073422936365041555 0.006802937318259949 0.9404258662090846
-0.00606201467551218 0.0035975586108452718 0.00011376479226222391 -0.013113229552768913 0.0009892002017445525 0.09198168483229884
0.0004892720324269887 0.00339465717409536 0.00010734848545572078 -0.006164256028799916 0.007142800093653894 0.885397793621602
0.002799827674261966 0.0035183464542653735 0.00011125988393056019 -0.004096131376098166 0.009695786724622098 0.4261602599493064
0.0026460513093192342 0.0036571748321441427 0.00011565002271019465 -0.004522011361683285 0.009814113980321754 0.4693584267256714
-5.374232859404606e-05 0.003848680606376736 0.00012170596702668444 -0.0075971563170924485 0.007489671659904357 0.9888588362743537
-0.007088764729787778 0.003594450034894875 0.00011366649045939515 -0.014133886798181734 -4.364266139382251e-05 0.04859343508119607
0.003211910052047205 0.0037222985155774533 0.00011770941440288501 -0.004083795038484603 0.010507615142579012 0.38820151151193194
0.004172763981891599 0.003450466792244539 0.00010911334054267755 -0.0025901509309076975 0.010935678894690895 0.22653486810484658
0.004465072757605211 0.0038967074088665705 0.00012322470787271366 -0.003172473763773267 0.012102619278983689 0.25185397569994883
-0.008525846526651394 0.0037915960430833593 0.00011990079463425331 -0.015957374771094778 -0.0010943182822080108 0.024536887211155666
-0.00532429730829147 0.0037033084703398385 0.00011710889644468005 -0.012582781910157553 0.001934187293574613 0.15051530543417713
0.0002107660038559673 0.003485369635816988 0.00011021706536773261 -0.006620558482345329 0.007042090490057263 0.9517800057083048
-0.002634499981641213 0.0036280448337567463 0.0001147288512787826 -0.009745467855804435 0.00447646789252201 0.4677476266020065
0.0017755473477075812 0.0037702350965393458 0.00011922530219369147 -0.005614113441509537 0.009165208136924698 0.637684940227025
0.0006653969105309193 0.003545187210759403 0.00011210866317699108 -0.006283170022557511 0.007613963843619349 0.8511195099351855
-9.663496079536117e-05 0.003692113875687505 0.00011675489227884291 -0.007333178157142871 0.007139908235552149 0.9791190782476906
-8.642467344626548e-05 0.003903079381046022 0.0001234262073254566 -0.007736460260296468 0.007563610913403937 0.9823341337994468
0.004428977820556284 0.003456661972153138 0.00010930924933293442 -0.0023460796448638663 0.011204035285976435 0.20009269734867574
0.003328991735929093 0.003687742426901595 0.00011661665493046038 -0.003898983420798033 0.010556966892656219 0.36667554219982024
-0.005811210946112639 0.003613653226089326 0.0001142737486845767 -0.012893971269247718 0.0012715493770224405 0.10780751088233356
-0.00126178247061659 0.0037464851961289372 0.00011847426439870088 -0.008604893455029307 0.006081328513796127 0.7362744631427887
0.0010198877281281562 0.0035149223148246158 0.0001111516031339721 -0.005869360008928091 0.007909135465184403 0.7716942995180911
0.0007498718185890385 0.0037562470900466905 0.00011878296258927133 -0.006612372477902475 0.008112116115080552 0.8417674205765975
-0.002403088837508576 0.003442809363394617 0.00010887119138081318 -0.009150995189762024 0.004344817514744873 0.48517575870464247
0.0017141394052118523 0.0033381570690924423 0.00010556179525724184 -0.004828648450209335 0.008256927260633038 0.607602501100283
-0.0023404522158236908 0.0038497828589517296 0.0001217408233136221 -0.009886026619369081 0.005205122187721699 0.5432246458595669
-0.007749476293557258 0.003617874783273137 0.00011440724604431158 -0.014840510868772607 -0.0006584417183419103 0.0321937376457197
0.003039655104624375 0.003545731395046814 0.00011212587179514203 -0.003909978429667381 0.00998928863891613 0.3912947567832994
0.0019326577596605469 0.0036495339549055075 0.0001154083969562364 -0.005220428791954247 0.00908574431127534 0.596415027586984
