0.05361927512959494 0.029293934055701323 0.0009263555324278999 -0.00379683561957965 0.11103538587876953 0.06719189102253617
0.004172219341679522 0.02719581932774088 0.0008600073191009042 -0.0491315865406926 0.057476025224051645 0.8780718076275076
-0.0014520838762909073 0.029601300831799248 0.0009360753233232243 -0.05947063350661743 0.056566465754035615 0.9608756786531558
0.023128610083736782 0.029478557601947293 0.0009321938415862468 -0.03464936281607991 0.08090658298355347 0.4326934265223913
-0.05686724341667258 0.028459270046083136 0.0008999611389142782 -0.11264741270699552 -0.0010870741263496395 0.04569524806837067
-0.030201626706167665 0.029316490651072738 0.0009270688346042247 -0.08766194838227023 0.0272586949699349 0.302919683177577
0.013659818154206986 0.028659199856060993 0.0009062834746312251 -0.04251221356367256 0.06983184987208653 0.6336260213039253
0.021778314050116144 0.030415800556621693 0.0009618320661634174 -0.03783665504086238 0.08139328314109466 0.47397915106925936
-0.020480917581219223 0.030314593932278054 0.000958631631691188 -0.07989752168848421 0.03893568652604576 0.4992867242961885
0.03182414072051876 0.028932687886389377 0.0009149319255175342 -0.02488392753680442 0.08853220897784193 0.2713594697355657
0.00573963341981126 0.02942078844062636 0.0009303670203033283 -0.05192511192381641 0.06340437876343892 0.8453243056377238
-0.02635734350959408 0.029854038389845336 0.0009440675866601708 -0.08487125875369095 0.03215657173450278 0.37730454786471224
0.0033608771315512286 0.028492811192824496 0.0009010218031046445 -0.052485032806384786 0.05920678706948724 0.9061031026877169
0.03443359655571191 0.0297768916503843 0.0009416279925526461 -0.02392911107904131 0.09279630419046514 0.24752308676444856
-0.007005181213876774 0.029969921891186663 0.0009477321447349085 -0.06574622812060263 0.05173586569284908 0.8151865299211748
0.0038083645186442593 0.029576178932579356 0.0009352808991163836 -0.05416094618921127 0.061777675226499795 0.8975439262508709
-0.036107608970457866 0.028866541998807515 0.0009128402088914128 -0.09268603128812059 0.02047081334720486 0.21099053728207895
0.01563708316268932 0.028638034609013163 0.0009056141707521121 -0.040493464670976476 0.07176763099635512 0.5850487449375383
0.014086154169943162 0.029708970307338253 0.0009394801310950148 -0.044143427632439815 0.07231573597232614 0.6354014444683691
0.011414766342061648 0.030571869647320997 0.0009667674041530294 -0.0485060981666875 0.0713356308508108 0.7088694970496919
-0.01724216134902394 0.030365353678154003 0.0009602367957953814 -0.07675825455820579 0.042273931860157904 0.5701548223712836
-0.011058728443133159 0.028563425889719975 0.0009032548358893659 -0.06704304318698431 0.04492558630071799 0.6986348457831115
0.021947968686565834 0.029076665482932598 0.0009194848968886678 -0.035042295659982056 0.07893823303311373 0.4503503866982841
-0.026702517445351986 0.027932907793472735 0.0008833161029884205 -0.08145101672055854 0.02804598182985457 0.33909651505569305
0.0026986831565857647 0.03014532203219128 0.0009532787842098014 -0.05638614802650914 0.06178351433968067 0.9286667107886255
-0.0018536732821627154 0.02977022236223088 0.0009414170911432783 -0.06020330911213524 0.05649596254780981 0.9503509874947753
0.029637485709664634 0.02977271372003952 0.0009414958747946959 -0.02871703318161282 0.08799200460094209 0.31951356733391534
-0.039781473465919044 0.029168753538399428 0.0009223969768943788 -0.09695223040118192 0.017389283469343833 0.17261835279039062
-0.03506005367213538 0.029611391748045106 0.0009363944261133733 -0.0930983814983038 0.022978274154033022 0.23641084581491556
-0.007868128552545288 0.030317160092384297 0.0009587127807989519 -0.06728976233361851 0.05155350522852793 0.795228475754735
-0.008828580567231728 0.030195455093784938 0.0009548641308169361 -0.0680116725510502 0.05035451141658675 0.7699952523591306
0.033245500549258566 0.030665475737259352 0.0009697274886237071 -0.026858831895769764 0.0933498329942869 0.2783051630894787
0.0224837620807003 0.02912814585971631 0.0009211128493430696 -0.03460740380434367 0.07957492796574427 0.4401788165176067
-0.017002617080310665 0.03023031722406998 0.0009559665681747988 -0.07625403883948784 0.0422488046788665 0.5738190335251139
0.007651215465960247 0.029430051475590066 0.0009306599431886392 -0.050031685426196286 0.06533411635811678 0.7948794451640022
0.022879537956953796 0.027825954477966687 0.0008799339421853633 -0.031659332819860914 0.0774184087337685 0.410941848100704
0.02563996938773828 0.02898775476717682 0.000916673293186827 -0.031176029955928285 0.08245596873140484 0.3764207727185631
0.03411296657624865 0.028570883054059252 0.0009034906521313489 -0.02188596420970749 0.09011189736220479 0.2324871110726101
-0.041467402471097675 0.02834749363261855 0.0008964264583619501 -0.09702848999103003 0.014093685048834681 0.1435154626116158
-0.029222517704061212 0.028984548517686826 0.0009165719026754756 -0.08603223279872739 0.02758719739060497 0.3133535581327812
-0.03852957059076334 0.030599191420953995 0.0009676313944969875 -0.09850398577583316 0.02144484459430649 0.20796909157478294
0.06822339711012151 0.02976976653293482 0.0009414026765552806 0.009874654705569266 0.12657213951467378 0.021922915527670322
-0.013214008818778034 0.029436492347701924 0.0009308636214485524 -0.0709095338202738 0.04448151618271774 0.6535045949170155
0.01930896580928153 0.03004163034050836 0.0009499997650082617 -0.03957262965811485 0.07819056127667792 0.5203926415455132
-0.007589939195647318 0.0301882350968832 0.0009546358144678476 -0.0667588799855384 0.05157900159424375 0.8014890702761563
-0.005484494417425183 0.029014620104250093 0.000917522849739424 -0.06235314982175536 0.05138416098690499 0.8500730647420883
-0.009241172835146888 0.028839953178893707 0.0009119993965791761 -0.06576748106577855 0.047285135395484776 0.748642737908644
0.0014937041344955642 0.029390566006675934 0.0009294113030261548 -0.05611180523858927 0.0590992135075804 0.9594669048722484
0.0475748703392475 0.029455485309886814 0.0009314642316487295 -0.010157880868130652 0.10530762154662565 0.1062793675498529
-0.07007467979318466 0.02864806555982425 0.0009059313772687137 -0.12622488829044018 -0.01392447129592913 0.014442986404472538
-0.005483135531120907 0.02803571098394093 0.0008865670253145366 -0.060433129059645124 0.049466857997403316 0.8449413956184886
-0.008113945430221923 0.029410649722483882 0.0009300464058844813 -0.06575881888629033 0.049530928025846487 0.7826366999821017
0.012680115207998414 0.029022261715805825 0.0009177644987145278 -0.044203517754981 0.06956374817097782 0.6621766483513909
0.01198592707770501 0.028223708022943546 0.0008925120136806943 -0.04333254064726434 0.06730439480267436 0.6710729941175666
0.035213270045937634 0.030193504203772235 0.0009548024382578899 -0.023965998193455948 0.09439253828533122 0.2435121002760181
0.03783551542614477 0.028565868443768433 0.0009033320762303779 -0.018153586723641355 0.0938246175759309 0.18533677964494477
-0.021783515986704242 0.029247940017173953 0.0009249010732225396 -0.0791094784203652 0.035542446446956706 0.45639986480522965
0.01660195664606158 0.030026966921695788 0.0009495360669909348 -0.04225089852046216 0.07545481181258532 0.5803308238925138
0.02266188833211375 0.029860940544165285 0.0009442858519443009 -0.03586555513445021 0.08118933179867771 0.44790395349325185
-0.008808607389945454 0.02881272338554135 0.0009111383149070845 -0.0652815452256065 0.047664330445715594 0.7598183305166395
0.008287359181811537 0.029522026457075478 0.0009335684474810963 -0.0495758126740564 0.06615053103767947 0.7789268326512488
-0.004494009514582521 0.02816718286705547 0.0008907245313036704 -0.05970168793401125 0.0507136689048462 0.8732373727912762
0.038240856069602466 0.02985785628072211 0.0009441883189704567 -0.02028054224061287 0.09676225437981781 0.20027670621833804
0.044692333057788684 0.029316598944954975 0.0009270722591574699 -0.012768200874323066 0.10215286698990043 0.12739085613963932
0.031027445023618382 0.030723057581711392 0.0009715483864271269 -0.029189747836535943 0.09124463788377271 0.3125396285772484
0.045985185978988284 0.02940876771589646 0.0009299868916106043 -0.011655998744168776 0.10362637070214534 0.11789845683944276
0.01988946843556442 0.0301158611995638 0.000952347150881123 -0.03913761951558063 0.07891655638670947 0.5089768557423567
0.07800250743837253 0.028012948043905955 0.000885847197947013 0.023097129272316864 0.1329078856044282 0.005360764427796004
0.04686026840692549 0.029302725372801805 0.0009266335382846029 -0.010573073323766044 0.10429361013761702 0.10978109775041107
0.07882763141306262 0.03000658565041782 0.0009488915546024533 0.020014723538243698 0.13764053928788156 0.008613854236127367
0.013622029872400706 0.02813162819871464 0.0008896001939695813 -0.041515961397079984 0.0687600211418814 0.6282263928977059
0.03574967699129035 0.027307265859549484 0.0008635315678793201 -0.01777256409342664 0.08927191807600734 0.1904789577755378
-0.03224436072563201 0.030461808880168632 0.0009632869771007603 -0.09194950613076253 0.027460784679498508 0.28981953270690275
-0.06995799263679701 0.030073855501234502 0.0009510188140668578 -0.12890274941921664 -0.011013235854377391 0.020007546851214243
-0.021248340975181634 0.029643948122410155 0.00093742394906688 -0.07935047929510554 0.03685379734474227 0.47350669320408034
0.020804222423429677 0.029134662803620228 0.0009213189332042689 -0.03629971667166597 0.07790816151852532 0.4751831791591533
0.03364256348114944 0.02989945922204086 0.0009455039194897524 -0.02496037659405065 0.09224550355634953 0.26050865785867494
-0.005545086354091567 0.029308006141370066 0.0009268005308493223 -0.06298877839117689 0.05189860568299376 0.8499357576757816
-0.016536700421561138 0.028908366689925993 0.0009141628217550869 -0.07319709913381608 0.0401236982906938 0.567295852266926
-0.027473307967941375 0.03026722329702068 0.0009571336406749642 -0.08679706563010191 0.03185044969421916 0.36404111989547683
0.04679963368316563 0.02921540981552478 0.0009238723779229801 -0.010462569555262938 0.1040618369215942 0.10918174664412793
0.028059461907416865 0.02865006322210189 0.0009059945488966451 -0.028094662007902838 0.08421358582273657 0.3273894455238415
-0.02105446135860556 0.029006416744601648 0.000917263436729878 -0.07790703817802479 0.03579811546081367 0.467927481077012
0.02769619694252279 0.02854058655620843 0.000902532592747999 -0.028243352707645733 0.08363574659269131 0.33183996042771746
-0.022498336109732828 0.029700856816289634 0.0009392235599801244 -0.0807120154696605 0.035715343250194855 0.4487516347644621
0.015845251591476837 0.030153112551379122 0.0009535251420576896 -0.04325484900922624 0.07494535219217992 0.599240471699868
0.0048588585487288685 0.029853493729347202 0.0009440503629829145 -0.05365398916079165 0.0633717062582494 0.8707099379950083
-0.008909423990023774 0.028796933015175212 0.0009106389795525382 -0.06535141269976719 0.047532564719719644 0.7570264377266129
0.039029658745343504 0.029988087632427045 0.0009483065959119571 -0.019746993014213503 0.09780631050490052 0.1930855087240786
-0.056688642401904445 0.030022583687254818 0.0009493974569474152 -0.11553290642892389 0.002155621625114998 0.05899910635352229
0.02900309494042668 0.03013993385059127 0.000953108394946775 -0.03007117540673221 0.08807736528758557 0.33590831624937223
0.012646494616164341 0.029335736893922007 0.0009276774542422688 -0.04485154969592279 0.07014453892825147 0.6663991691636553
-0.012468594431059092 0.028190086390227936 0.0008914488043003447 -0.06772116375590585 0.042783974893787664 0.658269070999961
0.027123242531152236 0.029445318253757652 0.0009311427211040602 -0.03058958124621276 0.08483606630851723 0.3569776566712973
0.00782045805240152 0.029733841020639255 0.0009402666121056568 -0.05045787034805142 0.06609878645285445 0.7925387103703829
-0.016678403109601427 0.03156460941976911 0.0009981605922007625 -0.07854503757234887 0.04518823135314603 0.5972291353925729
0.016107687944421207 0.029738445624174683 0.000940412222454597 -0.04217966547896117 0.07439504136780359 0.5880629101744785
0.011512850480032262 0.02951324264813892 0.0009332906790533836 -0.046333105110320016 0.06935880607038454 0.6964692541215485
0.01695483312195086 0.030086165510805847 0.000951408090749497 -0.042014051279228595 0.07592371752313032 0.5730655240825788
-0.008559071563247249 0.028952724227514253 0.0009155655302568413 -0.06530641104917519 0.04818826792268069 0.767518524716511
