-0.027196855021537757 0.025494430768545066 0.0008062046887807943 -0.0771659393278861 0.022772229284810576 0.2860728543160065
-0.028736506978785048 0.02587138446024315 0.0008181250111625428 -0.07944442052086162 0.021971406563291523 0.26667819235210155
0.030950072590287803 0.02591242559841301 0.0008194228459063671 -0.019838281582601692 0.0817384267631773 0.2323174409569796
-0.0519007908644603 0.026292846181640073 0.0008314528010244388 -0.10343476938047484 -0.0003668123484457525 0.04838731118042151
0.039098751739258794 0.026667796921112576 0.0008433097844954139 -0.013170130226121853 0.09136763370463943 0.14260986482479257
0.006567285984133464 0.02564372147310611 0.0008109256753798363 -0.04369440810315452 0.05682898007142144 0.7978757623877992
-0.04232945361648907 0.025353830495082556 0.0008017585177429537 -0.09202296138685087 0.007364054153872736 0.09500869618701985
-0.003968942137685806 0.02615165177315841 0.0008269878417876162 -0.055226179613076284 0.04728829533770468 0.8793711811781848
-0.003102966792742333 0.02639654231397031 0.0008347319606515765 -0.05484018972812414 0.04863425614263947 0.9064226260694099
-0.02806331190987455 0.025471775830166167 0.0008054882767255134 -0.07798799253700023 0.021861368717251133 0.27057407971612757
0.018709559809616444 0.025326416442976122 0.000800891609297445 -0.030930216418616756 0.06834933603784965 0.4600667399365067
0.04015892704315148 0.02457936207499981 0.000777267675909618 -0.008016622623848148 0.0883344767101511 0.10229089478707735
0.012184450441792363 0.025563657937014872 0.0008083938440640821 -0.03792031911475678 0.06228921999834151 0.6336243866057518
-0.059263785032908786 0.026033077158535194 0.0008232381832387556 -0.11028861626363776 -0.008238953802179809 0.0228172835817165
-0.015539784354402623 0.025689401006981433 0.0008123701890748445 -0.06589101032808622 0.034811441619280986 0.5452385709416296
0.0017183857822765324 0.025279437282932558 0.0007994059978144526 -0.04782931129227128 0.051266082856824345 0.9458050304781399
-0.018136997508049164 0.027132611696948045 0.0008580085183128207 -0.07131691643406733 0.035042921417969 0.5038416086340389
-0.03466111400367382 0.027341776922909674 0.000864622903526246 -0.08825099677257678 0.018928768765229143 0.20490584436476666
0.005535328362608557 0.024852190043358834 0.0007858952538037267 -0.04317496412237476 0.054245620847591866 0.8237456488480833
-0.022308128504950994 0.02623564109492299 0.0008296438173467046 -0.07372998505100006 0.029113728041098068 0.3951591029635556
0.026249460456910033 0.025179089548347924 0.0007962327238211978 -0.0231015550578519 0.07560047597167197 0.2971751478658877
0.02207034708590878 0.026878395977255828 0.0008499695114003574 -0.030611309029512642 0.0747520032013302 0.41157879662432795
-0.07308594162432773 0.026494387321997548 0.0008378260914820118 -0.12501494077544292 -0.021156942473212537 0.005805943187457633
0.012382523888430296 0.02726310205947401 0.000862134985895652 -0.041053156148138766 0.06581820392499936 0.6496948368152387
-0.008565182050937004 0.02594570466056877 0.0008204752222544323 -0.05941876318565179 0.04228839908377779 0.7413096986226511
0.030290070779844955 0.02591313062482907 0.0008194451407992205 -0.02049966524482002 0.08107980680450994 0.24244062087313467
-0.027473649447047093 0.026846702961837807 0.0008489672902539596 -0.08009318725224919 0.025145888358155007 0.30614105349058374
0.02817675596234406 0.026173154759055885 0.0008276678259069212 -0.023122627365405473 0.07947613929009359 0.28168056288386145
0.04667937495634473 0.026293326218956248 0.0008314679811372486 -0.004855544432809514 0.09821429434549897 0.07584313778900124
-0.03391453591427094 0.02709743413527327 0.0008568961061385873 -0.08702550681940655 0.019196434990864666 0.2107238972756994
0.003196726281392368 0.026601765939264777 0.0008412217015076511 -0.048942734959566594 0.055336187522351324 0.9043487182452107
-0.03999383671248243 0.025801086180625023 0.000815901984370696 -0.09056396562650748 0.01057629220154261 0.12112148750079817
-0.016008871280503496 0.02695494263791752 0.000852390129350067 -0.06884055885082183 0.03682281628981484 0.5525707891514952
0.011373463309161898 0.024895773312226196 0.0007872734777786904 -0.037422252382801446 0.06016917900112524 0.6477837939508093
-0.011066494053193333 0.026160571528788694 0.0008272699092272543 -0.06234121424961917 0.0402082261432325 0.6722793001357668
-0.024081859597170897 0.027058063394504006 0.0008556510939985981 -0.07711566385039875 0.028951944656056956 0.3734622510407202
-0.0016570581218780017 0.02659425298676087 0.0008409841210890009 -0.053781793975929304 0.0504676777321733 0.9503168568872689
-0.008821588339143928 0.025320625748088882 0.0008007084914466573 -0.05845001480539813 0.04080683812711028 0.7275432921541722
0.03556056411172598 0.025920444496181756 0.0008196764257190999 -0.015243507100790261 0.08636463532424221 0.17009089118301646
0.028092264622736954 0.02658058288089619 0.0008405518343851209 -0.02400567782381958 0.08019020706929349 0.2905701662519026
0.027646712943675704 0.026540199212916463 0.0008392747906742413 -0.02437207751364056 0.07966550340099196 0.2975545036560593
-0.03557417802719227 0.026962529052127256 0.0008526300328318293 -0.08842073496936169 0.017272378914977154 0.18703768722213843
0.041640156180532115 0.0265537582174204 0.0008397035640446106 -0.01040520992561187 0.09368552228667609 0.11684718240535856
-0.028723505223934867 0.025286160195379544 0.0007996185949728764 -0.07828437920687878 0.020837368759009038 0.2559825962575961
-0.027802843872306412 0.02570580345434312 0.0008128888800034841 -0.07818621864281892 0.022580530898206105 0.27943987030578343
0.029081472436399337 0.026372755615888744 0.0008339797592120514 -0.022609128570742598 0.08077207344354127 0.2701535988880386
-0.006853352489360244 0.0268631530642037 0.0008494874881661511 -0.059505132495199495 0.045798427516479 0.7986297020793138
-0.012127161621679976 0.027041935414060435 0.0008551410824759947 -0.06512935503323843 0.040875031789878474 0.6538229753159054
0.0015718068047538252 0.02558623546693128 0.0008091078082488465 -0.04857721471043148 0.051720828319939134 0.9510153802029188
0.055375854424438986 0.02661429823845898 0.0008416180076053748 0.0032118298770593898 0.10753987897181858 0.03746314957703368
-0.00040511614998551 0.02472864986463642 0.0007819885703306557 -0.04887326988467289 0.04806303758470187 0.9869292717094358
-0.0064925053336395465 0.025467126220882347 0.0008053412431698461 -0.05640807272656895 0.04342306205928985 0.7987719834830771
0.03261662165787839 0.026361508859166993 0.000833624105536746 -0.019051935706088916 0.0842851790218457 0.21598239034760813
-0.029225774988910748 0.025693830878563573 0.0008125102739142608 -0.07958568351089534 0.021134133533073855 0.25534489688142525
-0.019305696767033583 0.025140794189000764 0.0007950217182276812 -0.06858165337747509 0.029970259843407916 0.44254468531593394
-0.04462021635946027 0.025406447568408156 0.0008034224156981635 -0.09441685359354025 0.005176420874619711 0.07904477121806087
-0.028039995949544223 0.02509060842650768 0.0007934347050717773 -0.07721758846549928 0.021137596566410833 0.2637594634608733
-0.03925922337316478 0.02726140118687519 0.0008620811995814316 -0.09269156969944015 0.014173122953110594 0.14983828393040982
0.015845416064627183 0.02572917663371787 0.0008136280048333228 -0.034583770137459835 0.06627460226671421 0.5379908909840455
0.03531880428892208 0.02634726937062877 0.0008331738133717795 -0.016321843677510307 0.08695945225535448 0.18007927204399987
0.00023630483375926395 0.026835131342101765 0.0008486013635081272 -0.052360552596760195 0.05283316226427872 0.9929740779189579
-0.017764896800068482 0.025378801141257 0.0008025481589085278 -0.0675073470369322 0.03197755343679523 0.4839338008103311
-0.03833203345859535 0.02640053711988491 0.000834858287506581 -0.09007708621356977 0.013413019296379072 0.14651789318580433
0.009338434908209868 0.025985822860535492 0.0008217438711296416 -0.041593777898439696 0.06027064771485943 0.7193209122259476
-0.03511630962428499 0.026992733829560005 0.0008535851917608888 -0.0880220679302226 0.017789448681652623 0.193274142564425
-0.018367940906116192 0.027703952061165063 0.0008760758870139801 -0.07266768694599972 0.03593180513376733 0.5073254522260291
-0.022855248249940636 0.02664159345124235 0.0008424811580215188 -0.07507277141437564 0.029362274914494373 0.3909595983134845
-0.06763182760926563 0.02595327937293705 0.0008207147556914764 -0.11850025518022225 -0.016763400038309013 0.009163138674845224
-0.06993111227267139 0.026454764957168826 0.0008365731222906027 -0.12178245158872228 -0.018079772956620492 0.008207263117757808
-0.049344254642866875 0.026714095933119755 0.0008447738878089956 -0.1017038826717816 0.0030153733860478413 0.06472913341198394
-0.00016500056658888217 0.02614514120147764 0.000826781959433806 -0.05140947732148506 0.05107947618830729 0.994964627282259
-0.03647322247528326 0.025947310982445133 0.000820526018612279 -0.08732995200087572 0.014383507050309205 0.15982367524604646
0.007295639002962923 0.02557942878967886 0.0008088925622146934 -0.04284004142480764 0.057431319430733485 0.7754793625869207
0.008475638826099483 0.025716312987432113 0.0008132212206205453 -0.04192833462926746 0.058879612281466424 0.741715679531116
0.010591576791862267 0.02636829230194486 0.0008338386168323008 -0.041090276119949656 0.062273429703674194 0.6879206300966478
0.0007287710546641267 0.025094488056321147 0.0007935573897386658 -0.04845642553572532 0.04991396764505357 0.9768318266784976
-0.044584665832887026 0.025787915968355474 0.0008154855056902993 -0.09512898113086375 0.0059596494650897 0.0838274250371195
-0.0004330056814211933 0.02563214343849306 0.0008105595457777811 -0.05067200682086759 0.04980599545802521 0.9865219185775214
0.017690188205493968 0.02544885631445669 0.0008047634980004138 -0.03218957017084115 0.06756994658182908 0.48697568933326196
0.026490229768558093 0.026426774485509178 0.0008356879858583339 -0.025306248223039892 0.07828670776015607 0.3161498753655745
-0.06016170010238044 0.027670728966169112 0.0008750252805029066 -0.1143963288760719 -0.005927071328688985 0.029690115172753318
-0.0473774832512722 0.025071418778833614 0.0007928278751303153 -0.09651746405778608 0.0017624975552416808 0.05879797036279108
0.010489598599091918 0.026459816265369127 0.0008367328586813671 -0.04137164128103157 0.0623508384792154 0.6917841130775353
-0.02140104163704715 0.026446536008340193 0.0008363129000801281 -0.07323625221339393 0.030434168939299625 0.41838913975939473
0.019871557074802322 0.025897372134275884 0.0008189468135728773 -0.03088729230837841 0.07063040645798305 0.4428916131687044
0.00600274294279416 0.02629357366934621 0.0008314758062056504 -0.04553266144912441 0.057538147334712735 0.8194153875396931
-0.002197141146338561 0.02757753400951993 0.0008720781972083859 -0.056249107804997624 0.051854825512320506 0.9364985949884648
-0.01718229800763707 0.025118970308316675 0.0007943315865242265 -0.06641547981193775 0.03205088379666361 0.4939519801479737
0.03582155002894649 0.024398696274821906 0.0007715545216710277 -0.011999894669704442 0.08364299472759743 0.14205675861865194
0.026995179261428717 0.026286781807073927 0.0008312610286623046 -0.02452691308043618 0.07851727160329361 0.30444456958038024
-0.03761125323597741 0.02601736472209174 0.0008227413123712361 -0.08860528809127721 0.013382781619322402 0.14828348546573644
-0.000871377727844388 0.026703532725143638 0.0008444398498429698 -0.05321030186912592 0.05146754641343714 0.9739684080321422
-0.02458037725919827 0.025227122505253993 0.0007977516592869566 -0.07402553736949609 0.02486478285109955 0.32987628487507525
0.0070048945305215705 0.02726707792111877 0.0008622607136802434 -0.04643857819487122 0.060448367255914355 0.7972564741775883
-0.03518257272580979 0.025649627494895893 0.0008111124401874992 -0.08545584261580574 0.015090697164186158 0.1701692492933886
0.016692945964294527 0.02768957495819716 0.0008756212430986466 -0.0375786209537719 0.07096451288236096 0.54660161625839
-0.003983840888709378 0.025232579417185996 0.0007979242219939174 -0.05343969654639393 0.04547201476897517 0.8745475714911767
-0.06440743287720527 0.026610949916541195 0.0008415121243693782 -0.11656489471362601 -0.012249971040784527 0.015506183508570687
0.004571829801283843 0.027719469044914423 0.000876566577124618 -0.04975832952674843 0.058901989129316115 0.8689974387088356
0.012884397054827046 0.024873681449970535 0.0007865748717538645 -0.035868018587115205 0.061636812696769294 0.6044630360655658
