-0.021084346546933298 0.01680363172985524 0.0005313774922901777 -0.05401946473744958 0.011850771643582978 0.20956975262800914
-0.01725859082323234 0.018502584432135927 0.0005851030940512268 -0.053523656310218756 0.019006474663754075 0.3509405440722999
-0.033689857691329476 0.01709760512119821 0.0005406737471714558 -0.06720116372887797 -0.0001785516537809867 0.048787612421173174
-0.01598662076345016 0.01668935448289177 0.0005277637284387965 -0.04869775554991804 0.016724514023017712 0.33811656763633535
-0.017294027610192705 0.0174401921064736 0.0005515072988734638 -0.05147680413888096 0.016888748918495552 0.32138336818023683
0.013048453130656652 0.017909579780081553 0.0005663506404155522 -0.02205432323830319 0.0481512294996165 0.4662623233285611
0.018842915212479668 0.017443197566197027 0.0005516023398548831 -0.015345752017266505 0.05303158244222584 0.28003339408961203
0.02253473878194011 0.01781946690511683 0.0005635010211016072 -0.012391416352088881 0.0574608939159691 0.20600990382463147
-0.03658507537483668 0.017974422288800765 0.0005684011405830725 -0.07181494306088618 -0.0013552076887871772 0.04181099793328673
-0.006415602061045384 0.017002762872183576 0.0005376745719184648 -0.03974101729052519 0.026909813168434424 0.7059305852324358
-0.019602270758146165 0.01871280029369335 0.0005917507032793877 -0.056279359333785126 0.017074817817492798 0.29485394532488074
-0.006195960604394298 0.0181521933796396 0.0005740227560749067 -0.041774259628487916 0.029382338419699318 0.7328521619435897
0.0033350103423395866 0.017348315218369402 0.0005486018965660868 -0.030667687485664438 0.03733770817034361 0.8475555590723081
-0.03502125795968605 0.016971679533915127 0.000536691630456367 -0.0682857498461597 -0.0017567660732124013 0.039064044770170295
0.018775988233044924 0.017791552755996524 0.0005626182981999497 -0.016095455168708264 0.05364743163479811 0.29127368344848004
4.133630499421439e-05 0.017488743080651594 0.0005530426154836885 -0.03423660013308291 0.03431927274307134 0.9981141258297188
-0.02081757084584271 0.01811944770419988 0.0005729872468958051 -0.05633168834607447 0.014696546654389055 0.25059409097232177
-0.004214598470146834 0.017408645685244754 0.0005505097134423613 -0.03833554401322655 0.029906347072932885 0.8087042204488926
0.04200125065567535 0.01768065492172773 0.000559111400761257 0.007347167009089002 0.07665533430226171 0.017522896439004367
0.021796532974415098 0.017458437641748453 0.0005520842733594386 -0.012422004803411872 0.05601507075224207 0.21185485129501902
-0.009723193145109542 0.01835107593421259 0.0005803119746681405 -0.04569130197616622 0.02624491568594714 0.5962206371292131
-0.04995349735720088 0.01657962651440669 0.0005242938254044361 -0.08244956532543798 -0.017457429388963767 0.0025872608349875297
-0.004676897741682991 0.01726438155196199 0.0005459476809839249 -0.03851508558352849 0.029161290100162503 0.786468979523563
-0.030271332397492735 0.016886096531011526 0.0005339852582746452 -0.06336808159827532 0.002825416803289859 0.07302443914513494
-0.03414048115600752 0.01771956858575247 0.0005603419588654644 -0.06887083558408236 0.0005898732720673178 0.05401570235414472
-0.013909406554629604 0.01798011641339235 0.0005685812046129743 -0.04915043472487861 0.021331621615619398 0.43916775053767987
-0.01333566992995025 0.01674895058519414 0.0005296483226682354 -0.046163613076930766 0.019492273217030266 0.4259104030630122
-0.020209233219130505 0.01666149878499099 0.0005268828539269961 -0.05286577083771284 0.012447304399451832 0.22515655025003145
0.015098029060666877 0.018180336178865924 0.0005749127095277867 -0.020535429849910334 0.05073148797124409 0.4062791561050815
-0.002151467276011414 0.016859961725215523 0.0005331588031494297 -0.035196992257433835 0.03089405770541101 0.8984591397201854
-0.013739734629253472 0.017311372813914764 0.0005474336751628888 -0.04767002534452641 0.020190556086019468 0.4273802577313339
-0.021758982314890287 0.017054897342713718 0.0005393232086332865 -0.05518658110660918 0.0116686164768286 0.20201908984697403
-0.006798216083334841 0.018085770808588073 0.0005719222899492346 -0.04224632686816746 0.02864989470149778 0.7070004964254863
-0.020963290500359572 0.018216841632546877 0.0005760671133342826 -0.05666830010015145 0.014741719099432306 0.24982922692843135
-0.008291244215612668 0.016942928834359376 0.0005357824535071734 -0.041499384730957045 0.024916896299731706 0.624584653740572
0.008528746596850002 0.018142762997630374 0.0005737245412113603 -0.02703106887850553 0.04408856207220554 0.6382901222160136
0.022305098267326597 0.016862157793102676 0.0005332282489136274 -0.010744731007154649 0.05535492754180785 0.18590513371519735
0.02551804529661037 0.01746059234584359 0.0005521524110856819 -0.008704715701243065 0.05974080629446381 0.1438878628460815
0.005929681170172433 0.018384536582745494 0.0005813700932816439 -0.030104010532008736 0.0419633728723536 0.7470464109317705
-0.001861163163153093 0.016967796500632352 0.0005365688381623289 -0.035118044304392505 0.03139571797808632 0.9126568409433145
-0.028027347964218196 0.017098923145956683 0.0005407154267739484 -0.06154123733029329 0.005486541401856903 0.10118630928652983
-0.0062055305101198265 0.017224112062973737 0.0005446742479297855 -0.039964790153548355 0.0275537291333087 0.7186365639743431
-0.03336035908224003 0.017438692492329242 0.000551459876910388 -0.06754019636720535 0.0008194782027252795 0.05574702217813407
-0.025155194309841852 0.017254615109072124 0.0005456388389422257 -0.05897423992362322 0.008663851303939513 0.14487304651513258
-0.0358037285018543 0.017920941795969793 0.0005667099389057307 -0.0709287744219551 -0.0006786825817535064 0.045730655898193584
-0.03231589705435773 0.017489512210589957 0.0005530669375079071 -0.06659534098711405 0.0019635468783985865 0.06464140634517099
-0.0019633028820813954 0.017260972970888144 0.000545839892186098 -0.03579480990502216 0.03186820414085937 0.9094420742069185
0.0003632428505736741 0.017698000442554894 0.0005596599142914143 -0.03432483801683392 0.03505132371798127 0.9836249571776717
-0.004537486680472578 0.01747071487600835 0.0005524725135957259 -0.03878008783744895 0.02970511447650379 0.7950800903223154
-0.01011161447426456 0.01795392332650452 0.000567752906477812 -0.045301304194213424 0.0250780752456843 0.5733000356338822
-0.030418714121778927 0.01711192975657879 0.0005411267319159964 -0.06395809644467335 0.0031206682011154993 0.07546431260386043
-0.010946278475625917 0.017409944001323552 0.0005505507698016796 -0.04506976871822008 0.023177211766968242 0.5295211561993369
0.004929163789530824 0.017408735954364343 0.0005505125680025641 -0.02919195868102329 0.039050286260084936 0.7770671294998612
-0.01718655181872574 0.01783705673211597 0.0005640572602712633 -0.05214718301367304 0.01777407937622156 0.33528126366825484
-0.050620060094961325 0.018296337866507 0.0005785810049814788 -0.08648088231331505 -0.0147592378766076 0.005663080555113741
-0.012989514212123252 0.017209853963365496 0.0005442233672311095 -0.046720827980319624 0.020741799556073123 0.45038585567728984
-0.044917458843762054 0.018427939757252428 0.0005827426221728806 -0.08103622076797681 -0.008798696919547294 0.0147906444974015
0.004473680411716192 0.01687019443870047 0.0005334823899619933 -0.028591900688136728 0.03753926151156911 0.7908688720072474
0.012478858123956504 0.017017281070049173 0.0005381336776462275 -0.020875012773339873 0.04583272902125288 0.4633723964469556
-0.01848831845960132 0.01841842414481642 0.0005824417120865885 -0.0545884297834415 0.017611792864238862 0.3154775292812161
-0.008714781679565292 0.01789050743324337 0.0005657475198522185 -0.0437801762487223 0.026350612889591715 0.6261749694336465
-0.025058516023371055 0.017479198089696307 0.0005527407763670445 -0.05931774427917581 0.009200712232433707 0.1516809280015042
0.009113313308908222 0.017555379138445154 0.0005551498326529113 -0.02529522980244428 0.04352185642026073 0.6036784567483153
-0.01141186147562033 0.017749445999746764 0.000561286765653642 -0.04620077563512399 0.023377052683883327 0.5202618389305507
0.006873558667814854 0.017427463873430634 0.0005511047968034118 -0.027284270524109186 0.041031387859738894 0.6932786736841561
-0.027052531819090633 0.01855931964684072 0.000586897219071285 -0.06342879832689845 0.00932373468871718 0.14494388256599092
-0.028660370187914588 0.018337137734331502 0.0005798712100870711 -0.06460116014720434 0.007280419771375158 0.1180599845116405
-0.036119759446834335 0.01743782389805297 0.000551432409547632 -0.07029789428701816 -0.0019416246066505105 0.03832651266348231
0.005612509780765436 0.01778584665069827 0.0005624378553068373 -0.02924774965460317 0.04047276921613404 0.7523361607937139
0.020919989710055552 0.01740489357497734 0.0005503910612975901 -0.013193601696900033 0.055033581117011135 0.22937894084312482
-0.0444621865540392 0.01729816534569002 0.0005470160183457438 -0.07836659063159163 -0.010557782476486761 0.010159840330324743
-0.017022409433251007 0.016771717540268995 0.0005303682770024681 -0.049894975812178236 0.015850156945676222 0.3101309493812754
-0.02535826603963612 0.017206823185811113 0.0005441275256295779 -0.0590836394838259 0.008367107404553657 0.1405534488593495
-0.01579183342924534 0.01736969549421884 0.000549278000252956 -0.049836436597914265 0.018252769739423587 0.36326564237332326
-0.00445576105487506 0.016835554268291787 0.0005323869715917152 -0.03745344742072696 0.028541925310976844 0.7912684993155804
0.018798091020681182 0.01742404488277926 0.0005509966788258402 -0.015353036949566162 0.052949218990928526 0.28065050198482355
0.0072509898593344155 0.01749070174801178 0.0005531045539840567 -0.02703078556676867 0.0415327652854375 0.6784621707447451
-0.03453543984384304 0.01717858912276382 0.0005432346861612754 -0.06820547452446013 -0.0008654051632259463 0.04439130669941266
-0.006925325482456142 0.01724123360969421 0.0005452156787768023 -0.04071814335745679 0.02686749239254451 0.6879252332473749
0.0025598826509369795 0.017198520735051633 0.0005438649790839643 -0.03114921798976422 0.03626898329163818 0.8816773712831762
-0.007445905662261193 0.01801898681793107 0.0005698103947321194 -0.04276311982540609 0.027871308500883707 0.6794413734467797
-0.024372142726306376 0.017861462869976034 0.000564829050116522 -0.0593806099514594 0.010636324498846647 0.17240714383101197
0.003027353072016439 0.01723530018209947 0.0005450280473214916 -0.03075383528489852 0.0368085414289314 0.8605701679104159
-0.0007858912451415401 0.017636231136723392 0.0005577065973322637 -0.03535290427311939 0.03378112178283631 0.9644570869088507
-0.01044291345877821 0.01734606489841898 0.0005485307352010122 -0.04444120065967941 0.023555373742122993 0.5471517886303705
-0.0034237320184090955 0.017675145503576194 0.0005589371776618458 -0.038067017205418434 0.031219553168600245 0.8464082960819789
-0.002746648923106858 0.017109916037852866 0.0005410630525385879 -0.036282084357298475 0.030788786511084756 0.8724638630151861
-0.00879391072148865 0.017823596088909974 0.0005636315973582451 -0.0437281590557522 0.0261403376127749 0.6217399541869032
0.013130967004463773 0.017863387633652077 0.0005648899164882606 -0.021881272757494293 0.04814320676642184 0.46229254590821856
0.0014570688353408984 0.01772704062522118 0.0005605782455003423 -0.03328793079009261 0.03620206846077441 0.9344918857636932
-0.015704641832028517 0.017604070136654496 0.0005566895772117982 -0.05020861929987133 0.018799335635814294 0.37233778639376824
-0.023937151668122904 0.01708683614128075 0.0005403332021252979 -0.05742735050503317 0.009553047168787365 0.16124042706339914
-0.014366017972864239 0.01626600628963679 0.0005143762830987677 -0.046247390300552346 0.017515354354823865 0.37713216643042946
0.00505462143406451 0.017422454653131834 0.0005509463913489543 -0.029093389686073882 0.0392026325542029 0.7717236062577427
-0.013949545357384305 0.017916140466689132 0.0005665581075424973 -0.049065180672095005 0.021166089957326398 0.43621411645595465
-0.02225546936672957 0.01665683078220343 0.0005267352387176691 -0.0549028576998483 0.010391918966389156 0.1815111403798535
-0.0012643681802330658 0.016908912815622585 0.0005347067725457812 -0.03440583729885333 0.0318771009383872 0.9403935344441163
-0.01942561832545074 0.017584975415929197 0.0005560857491240305 -0.05389217014067196 0.01504093348977048 0.26930202713895424
-0.0011481325421687629 0.017436770323610146 0.0005513990925983933 -0.03532420237644465 0.033027937292107123 0.9475008455784073
-0.024724983834287 0.017231907054794653 0.0005449207472147502 -0.05849952166168452 0.00904955399311052 0.15133345219697825
