-0.002351091571626639 0.0005913259073185662 1.8699367065922994e-05 -0.0035100903499710283 -0.0011920927932822492 7.009420538040634e-05
-0.00023829568031976688 0.0006358431140274689 2.0107124748609604e-05 -0.0014845481838136059 0.0010079568231740723 0.7078306424896355
-0.002619435786457536 0.0006347913365441958 2.007386462422138e-05 -0.0038636268060841597 -0.0013752447668309122 3.6840334241599756e-05
-0.0006891273382991308 0.0005806152968535919 1.8360667823921455e-05 -0.0018271333201321709 0.0004488786435339093 0.2352704356894768
-0.0012509435440164953 0.000601529443454808 1.9022031209706577e-05 -0.002429941253187919 -7.194583484507167e-05 0.03756179238822529
-0.001431714887761205 0.0005554366667801785 1.7564449629973465e-05 -0.0025203707546503544 -0.00034305902087205533 0.009947803251739181
-0.0016091908507051033 0.0005911643361837782 1.8694257738022315e-05 -0.0027678729496253083 -0.0004505087517848981 0.006487435064097629
-0.000704970186887484 0.0006104351392633988 1.9303654038744195e-05 -0.0019014230598437456 0.0004914826860687775 0.24814570751661125
-0.001956025244632944 0.000582981262581728 1.8435486229589542e-05 -0.003098668519293131 -0.000813381969972757 0.0007930442177708301
-0.0008330809605286812 0.0006076493258814838 1.921555888451392e-05 -0.0020240736392563895 0.0003579117181990271 0.17037817021486834
-0.0018567952642010385 0.0006084331371815854 1.9240345174154906e-05 -0.003049324213076946 -0.000664266315325131 0.0022749974644817182
-0.000733777904423989 0.0005873096152771961 1.8572360759931627e-05 -0.0018849047503672932 0.0004173489415193153 0.21152299688654552
-0.0020750104718694493 0.0005612081704613248 1.7746960601538152e-05 -0.003174978485973646 -0.0009750424577652525 0.00021781992456495664
-0.0017408903706887056 0.0006060907555546431 1.916627256325022e-05 -0.002928828251575806 -0.0005529524898016051 0.004074621075049037
-0.0011287707000642556 0.0005796736894679405 1.8330891583918506e-05 -0.002264931131421419 7.389731292907747e-06 0.05150454082461502
-0.0014055375219284307 0.0006004147928323496 1.898678286208365e-05 -0.002582350515879836 -0.0002287245279770254 0.019235042118678658
-0.0009805703887566463 0.000560993531311889 1.7740173115665567e-05 -0.002080117710127949 0.0001189769326146561 0.08047832088505945
-0.0022862120141520286 0.0005920529528214969 1.872235826344143e-05 -0.0034466358016821625 -0.0011257882266218948 0.00011269337322417724
-0.0019641089669667038 0.0005981680813230793 1.891573560593756e-05 -0.0031365184063599392 -0.0007916995275734683 0.0010251200766956288
-0.0007820170468426974 0.0005610870916606092 1.7743131753671923e-05 -0.0018817477464974914 0.00031771365281209644 0.16339208183647214
-0.001557535379519817 0.0006458660263356546 2.042407706542963e-05 -0.0028234327911377 -0.0002916379679019339 0.015885064937695013
-0.0017961012028126883 0.0005952447255011134 1.88232909778523e-05 -0.0029627808647948706 -0.000629421540830506 0.0025493934119951668
-0.002319596725850529 0.0006228002807657693 1.969467414612187e-05 -0.003540285276151437 -0.0010989081755496213 0.0001957312611268189
-0.0010010229237018586 0.0005693039781796344 1.8002972520424443e-05 -0.002116858720933942 0.00011481287353022466 0.0786917763543647
-0.002079210155455161 0.0006021217172998566 1.904076055319557e-05 -0.00325936872136288 -0.0008990515895474422 0.0005541028201434717
-0.0019051036295379888 0.0005857284658304741 1.8522360424204062e-05 -0.0030531314225657183 -0.0007570758365102596 0.0011437961919876197
-0.0018938901326404586 0.0006170083216640347 1.9511516317361624e-05 -0.0031032264431019663 -0.0006845538221789506 0.0021443708023778907
-0.0017393280237539633 0.0005962782634930636 1.8855974318881097e-05 -0.002908033420200368 -0.0005706226273075586 0.0035344555238662023
-0.0013175107973744304 0.0006193471198313756 1.9585475609323873e-05 -0.0025314311522439265 -0.00010359044250493415 0.03339869503493259
-0.001121655883692901 0.0005988908220481464 1.8938590674427295e-05 -0.002295481894907268 5.2170127521465864e-05 0.06108374887146389
-0.002188045226329357 0.0005784972920190953 1.8293690630198882e-05 -0.003321899918686784 -0.0010541905339719305 0.0001553914147531206
-0.0013629030279207104 0.0005826193429475698 1.8424041325850797e-05 -0.0025048369400979473 -0.0002209691157434735 0.019321546189023733
-0.0020649747664668707 0.0005950836827761281 1.8818198359736766e-05 -0.0032313387847080818 -0.0008986107482256596 0.0005203464036651041
-0.0008512715272921689 0.0006267470278538105 1.981948124759034e-05 -0.0020796957018856376 0.00037715264730129954 0.17438822816446076
-0.001995490868027159 0.0005934913498695472 1.8767844371956447e-05 -0.0031587339137714716 -0.0008322478222828468 0.0007729850143574036
-0.000607432854252619 0.0006506921633522019 2.057669291815302e-05 -0.0018827894944229346 0.0006679237859176967 0.3505525753818647
-0.0020959353196046485 0.0005773755529228153 1.8258218125351847e-05 -0.0032275914033333664 -0.0009642792358759305 0.0002833032152177834
-0.0019454853743164522 0.000610893306208792 1.931814254970464e-05 -0.0031428362544856847 -0.00074813449414722 0.0014492589387602622
-0.0018626014589790446 0.0006305199312274654 1.9938790928115168e-05 -0.003098420524184877 -0.0006267823937732124 0.0031361053103430548
-0.0007068100992369969 0.0006152528236610176 1.945600259618751e-05 -0.0019127056336125912 0.0004990854351385975 0.25063332753873846
-0.0020418213838903133 0.0005859665108113177 1.8529888067454432e-05 -0.003190315745080496 -0.0008933270227001306 0.0004929911943842844
-0.0013344140425685911 0.0005598061941352448 1.7702626217377674e-05 -0.002431634183073671 -0.00023719390206351125 0.017139234081487976
-0.0030517727567582168 0.0005423808098743433 1.715158718369669e-05 -0.004114839144111929 -0.0019887063694045038 1.837709424393004e-08
-0.002128406419574646 0.000625353271596861 1.9775406804839627e-05 -0.003354098831904494 -0.0009027140072447985 0.0006652196492051183
-0.0008399552719037935 0.0005945981868058669 1.8802845629128177e-05 -0.0020053677180432924 0.00032545717423570553 0.15776056789255954
-0.001467744156592916 0.0005890361271434371 1.8626957858977923e-05 -0.0026222549657940524 -0.0003132333473917792 0.012710734169580667
-0.0017129897659519727 0.0005767385665787214 1.823807484849424e-05 -0.0028433973564462667 -0.0005825821754576789 0.0029767165498815738
-0.002051147152385473 0.000654895969423374 2.0709628938418497e-05 -0.003334743252455286 -0.0007675510523156598 0.00173608158433478
-0.0013555180788334168 0.0005759677999706247 1.8213701068234363e-05 -0.002484414966775841 -0.00022662119089099245 0.01859953068584311
-0.0021734138441293176 0.000568742805499358 1.7985226682121094e-05 -0.0032881497429080595 -0.0010586779453505759 0.00013267721445986967
-0.00206916680620484 0.0006341885773261727 2.005480370412523e-05 -0.0033121764177641384 -0.0008261571946455418 0.0011035643625752422
-0.0018034149854330344 0.0006198738697595898 1.9602132904628746e-05 -0.0030183677701618302 -0.0005884622007042383 0.003622092854375507
-0.0008856600576532242 0.0006144567559834484 1.943082872585992e-05 -0.002089995299380783 0.0003186751840743345 0.14947994049866958
-0.0019010674972624664 0.0006007128893967612 1.8996209503145764e-05 -0.0030784647604801185 -0.0007236702340448146 0.001552505507289415
-0.0017910818416788288 0.0005635832181370724 1.7822066203606667e-05 -0.0028957049492274907 -0.0006864587341301668 0.0014828170606638088
-0.0017723837609994635 0.0006031858012949331 1.90744098436573e-05 -0.0029546279315375325 -0.0005901395904613948 0.00329941766162135
-0.002634155538656585 0.0005871979194081615 1.8568828626417816e-05 -0.0037850634606965815 -0.0014832476166165886 7.258104807665486e-06
-0.001611140367945562 0.0005843993349015853 1.8480329613765423e-05 -0.002756563064352669 -0.0004657176715384549 0.0058349188831406315
-0.00018344349338522096 0.0005797557207105332 1.8333485639577372e-05 -0.0013197647059778662 0.0009528777192074242 0.7516874191305968
-0.0014435427073045469 0.0006277529544210557 1.9851291438704035e-05 -0.0026739384979698163 -0.00021314691663927771 0.02147432375443921
-0.0016898322041630056 0.0005966195625676308 1.8866767143270493e-05 -0.002859206546795562 -0.0005204578615304492 0.00462080187095333
-0.0015682257639548203 0.0005885390866333332 1.8611240057964923e-05 -0.0027217623737561536 -0.00041468915415348727 0.007707818781821902
-0.0009245551610027586 0.0006246816544931987 1.9754168407208644e-05 -0.002148931203809428 0.0002998208818039107 0.13886200610169386
-0.0010812983382873628 0.0005670964283269578 1.793316366459617e-05 -0.0021928073378082 3.0210661233474358e-05 0.05655588777739903
-0.0017476894133800613 0.0006280553417473681 1.9860853765571193e-05 -0.0029786778832049028 -0.0005167009435552198 0.005390867699740375
-0.0016632348889675814 0.0006488985466389295 2.051997377752016e-05 -0.0029350760403798835 -0.0003913937375552795 0.010372235327649292
-0.0015525479899653534 0.0006321984837580234 1.9991871419803194e-05 -0.0027916570181310794 -0.00031343896179962766 0.014057448902247886
-0.0015919550224187504 0.000566324405714877 1.7908750166002893e-05 -0.0027019508576199094 -0.0004819591872175914 0.0049383146405639665
-0.0021806557561520152 0.000567346033378799 1.79410568693892e-05 -0.003292653981574461 -0.0010686575307295692 0.00012123860537610532
-0.0020196832258481713 0.0006088659612668213 1.925403227351015e-05 -0.003213060509931141 -0.0008263059417652015 0.000909495981791647
-0.0018260457256756187 0.0005804059588670524 1.835404797553887e-05 -0.002963641405055041 -0.000688450046296196 0.0016543365609488557
-0.002091722776265026 0.0005780252369315507 1.8278762937621774e-05 -0.0032246522406508653 -0.0009587933118791869 0.0002960414107103986
-0.001984584189074044 0.0006141655861627909 1.9421621127668117e-05 -0.003188348737953114 -0.0007808196401949737 0.001232068161565483
-0.0008373774811684696 0.0005990970186147923 1.8945111182390374e-05 -0.0020116076376534625 0.0003368526753165232 0.16219335689458625
-0.001085157819103828 0.0006044938104166086 1.911577272390501e-05 -0.0022699656875203806 9.965004931272487e-05 0.0726296052483547
-0.001953489567383499 0.0006137311364392532 1.940788262111602e-05 -0.003156402594804435 -0.0007505765399625625 0.0014577126344271344
-0.0005644558925377629 0.0005783676969564953 1.8289592474485604e-05 -0.0016980565785724936 0.0005691447934969678 0.3290910088751271
-0.0020540652361475467 0.0006352713731037631 2.0089044713105218e-05 -0.0032991971274309224 -0.000808933344864171 0.001223404603114015
-0.0016963385907364193 0.0006343219536663558 2.0059021434334788e-05 -0.0029396096199224768 -0.0004530675615503619 0.007489550150790599
-0.001272909976983135 0.0005848480444270069 1.8494519054846877e-05 -0.0024192121440600686 -0.0001266078099062015 0.02951939967432577
-0.001093066566847839 0.0005814803870553352 1.838802437811149e-05 -0.002232768125476296 4.663499178061796e-05 0.06013540254642253
-0.0018792002830142398 0.0005764640012557962 1.822939233062481e-05 -0.0030090697254756002 -0.0007493308405528793 0.001114615320655496
-0.0014924699679354184 0.0006274917720581081 1.9843032127188242e-05 -0.0027223538411693103 -0.00026258609470152655 0.01738468056622431
-0.0018446990444232246 0.0005915863142427561 1.8707601855912183e-05 -0.003004208220339027 -0.0006851898685074226 0.0018194404490228906
-0.0018254688617251836 0.000585206028120755 1.850583949322132e-05 -0.0029724726768418632 -0.000678465046608504 0.0018124375274683252
-0.0022953916952917507 0.0005871832488318254 1.8568364702059723e-05 -0.0034462708630021285 -0.001144512527581373 9.261863593977587e-05
-0.0013635818662457808 0.0006100348119050067 1.929099457612222e-05 -0.002559250097579594 -0.00016791363491196762 0.025400773572002988
-0.0022783783177030155 0.0006101589067595768 1.9294918799985708e-05 -0.003474289774951786 -0.001082466860454245 0.00018840733222486857
-0.002092202711868693 0.0006176502992530958 1.953181743124379e-05 -0.0033027972984047606 -0.0008816081253326252 0.0007056922520671015
-0.0008787802970956486 0.0005905134939866856 1.8673676300620705e-05 -0.0020361867453095525 0.0002786261511182553 0.1367079282335468
-0.0025039443538889664 0.0005885486430275362 1.861154225768392e-05 -0.0036574996942229376 -0.0013503890135549955 2.0957369525961245e-05
-0.0024176213635998295 0.0005740148987514064 1.8151944909253865e-05 -0.003542690565152586 -0.001292552162047073 2.5337231496586343e-05
-0.001310444025082433 0.0005940735305889522 1.8786254542788e-05 -0.002474828145036779 -0.00014605990512808666 0.02739368732740973
-0.0011595973082948751 0.0006161944231941329 1.9485778587871466e-05 -0.0023673383777553757 4.814376116562516e-05 0.05985377678617103
-0.0005706312478688354 0.00062810431975151 1.9862402586054565e-05 -0.001801715714581795 0.0006604532188441242 0.363615397313387
-0.0013281714324327532 0.0006382257079021918 2.0182468982442505e-05 -0.0025790938199210488 -7.724904494445738e-05 0.03743050232203734
-0.0008207998882218537 0.0006365807714633979 2.013045152491456e-05 -0.0020684982002901137 0.0004268984238464062 0.197263078043724
-0.0018170737694959886 0.0005936315275487361 1.877227717938998e-05 -0.0029805915634915116 -0.0006535559755004659 0.002206392310546595
-0.0009592530476095556 0.0005922200619059798 1.8727642716688144e-05 -0.0021200043689452762 0.00020149827372616482 0.10528432078012463
-0.0025594632349548846 0.0005961055287008513 1.8850511965135627e-05 -0.0037278300712085535 -0.001391096398701216 1.7576647304654613e-05
