0.02755177698026502 0.0255909822755798 0.0008092579155183096 -0.02260654827987139 0.07771010224040142 0.28164982721542753
-0.03770463793888719 0.02727465864112831 0.0008625004370955851 -0.09116296887549868 0.0157536929977243 0.1668472302890608
-0.005047841846122353 0.027136385523865405 0.0008581278571983617 -0.05823515747289854 0.04813947378065384 0.8524310594435313
-0.010648104290153603 0.026844598768862495 0.0008489007498295745 -0.0632635178771241 0.04196730929681689 0.6916202409105039
0.04945278403672312 0.025381481314361364 0.000802632913423861 -0.0002949193394251523 0.09920048741287138 0.051369447638051416
0.037741481544036615 0.025583143715449473 0.0008090100384824294 -0.012401480138244353 0.08788444322631758 0.14014588154873664
0.043104833947502426 0.02518159804422026 0.0007963120494257748 -0.0062510982191692835 0.09246076611417414 0.0869410404530254
0.014021535258071906 0.02537388126631675 0.0008023925788023841 -0.035711272023908926 0.06375434254005274 0.580539272764325
0.011652996122179123 0.025354141715407164 0.0008017683593937527 -0.038041121640018924 0.061347113884377164 0.6457967732836074
-0.008761605211718019 0.026376688958437006 0.000834104142424753 -0.06045991557025455 0.042936705146818514 0.7397591652419164
-8.425554328939536e-05 0.025648255040914333 0.0008110690393818442 -0.05035483542348149 0.05018632433690269 0.9973789220306082
0.020298482347304917 0.026474295671921656 0.0008371907377201027 -0.031591137169661526 0.07218810186427137 0.4432455306266302
-0.06319090176640439 0.026916171298321842 0.0008511640719394848 -0.1159465975111152 -0.01043520602169358 0.018890093569398806
0.03927492698724624 0.025646119928183036 0.000811001521188923 -0.010991468071992513 0.08954132204648499 0.1256661442556526
-0.014863910363303878 0.026062021294725027 0.0008241534771914154 -0.06594547210096494 0.036217651374357174 0.5684549962084144
0.022737092726627946 0.02740819977885346 0.0008667233786610021 -0.030982978839924832 0.07645716429318072 0.40678044951613
-0.013203809101162901 0.025943948148204853 0.00082041967645635 -0.06405394747164442 0.03764632926931861 0.6107970875849194
-0.03878413277621309 0.026927763969067257 0.000851530664376684 -0.09156255015558493 0.013994284603158734 0.14978176078633984
0.004203881043142782 0.02844923554789331 0.0008996438202197114 -0.051556620630728106 0.05996438271701367 0.882526019568349
-0.012031193420049819 0.02554745756345827 0.0008078815432702378 -0.06210421024442802 0.038041823404328386 0.637687111343919
-0.018948575902041177 0.026711751459069958 0.0008446997490298704 -0.0713036087618183 0.03340645695773593 0.4780934880900154
-0.04432812118427503 0.027588892435390203 0.0008724373821722283 -0.09840235035763983 0.009746107989089765 0.10811185930314567
-0.01830703735025099 0.026333120324562437 0.000832726381248897 -0.06991995318639337 0.033305878485891394 0.4869239735721592
-0.036308971881137866 0.0247615594552675 0.0007830292629632353 -0.08484162841346216 0.01222368465118643 0.14255450902172995
-0.012693570372634699 0.026746232277933175 0.000845790128261825 -0.06511618563738372 0.03972904489211432 0.6350772096623052
-0.012822049333163704 0.025874271234106228 0.0008182162989675145 -0.06353562095201191 0.0378915222856845 0.6202104581007755
0.03614836015553812 0.02626721904063462 0.0008306423996694834 -0.015335389164105727 0.08763210947518196 0.16876663530964509
0.029033831820561438 0.02698919359718372 0.0008534732397833354 -0.023864987629918653 0.08193265127104153 0.2820356513872322
-0.03190122849627822 0.02634760564362419 0.0008331844472575908 -0.08354253555778163 0.019740078565225194 0.2259786477877831
-1.5441250369439743e-05 0.025600015536241954 0.0008095435723022137 -0.050191471701403666 0.05016058920066479 0.9995187372247972
0.007314721178960659 0.02635129967826945 0.0008333012628899369 -0.044333826190447456 0.05896326854836878 0.7813310745650277
0.0209489780423986 0.02686787277597867 0.0008496367385572353 -0.0317120525985196 0.0736100086833168 0.43556533931759256
0.0030901719558559925 0.026046054572812307 0.0008236485651113082 -0.04796009500685613 0.054140438918568116 0.9055585039847636
-0.020429763526520286 0.026228843248263967 0.0008294288505604337 -0.07183829629311766 0.03097876924007709 0.4360359843784617
0.008614973879220097 0.02626811226811793 0.0008306706460026427 -0.04287052616629104 0.06010047392473124 0.7429394952311632
-0.038337384496692065 0.02553238526872791 0.0008074049154611049 -0.08838085962339876 0.011706090630014633 0.13322114435531446
-0.001827657162014705 0.026139700034635897 0.000826609894630317 -0.05306146922990106 0.049406154905871656 0.9442582680990523
-0.011851314024215324 0.025675097920023583 0.0008119178857512619 -0.062174505947461545 0.03847187789903089 0.6443768875159106
0.01910535694268872 0.026509977782547496 0.0008383191051331002 -0.03285419951110437 0.07106491339648181 0.4711030275403991
-0.008184458374184422 0.025757242427004355 0.0008145155231445704 -0.05866865353111296 0.04229973678274411 0.7506717946960753
-0.01525303350502706 0.02555628337174605 0.0008081606398340516 -0.06534334891364932 0.034837281903595196 0.550613651727078
-0.03874734250529546 0.02642977088411336 0.0008357827403020036 -0.09054969343815765 0.013055008427566725 0.14263490388543903
-0.05350941942201102 0.025630702450964885 0.0008105139777510918 -0.1037455962259022 -0.0032732426181198426 0.03682419378514054
0.029935375761207125 0.027247851798132067 0.0008616527302881185 -0.023470413763131727 0.08334116528554597 0.27192839223850584
-0.016178723259942684 0.02735305929893138 0.0008649796835827166 -0.06979071948584818 0.03743327296596281 0.5542004253822764
-0.006101401061462781 0.024884959108442174 0.0007869315026283032 -0.05487592091400944 0.04267311879108388 0.8063137390135765
-0.02667745111601597 0.026272637901278005 0.0008308137590890449 -0.07817182140252085 0.024816919170488918 0.30991130118454246
-0.019530880938832807 0.026125492905461574 0.0008261606257582863 -0.0707368470335375 0.03167508515587188 0.45471387950725983
0.00045253865319243227 0.025813208685243658 0.000816285331626104 -0.05014135036988514 0.051046427676270004 0.9860127768671686
-0.03439625217946214 0.025379041487848288 0.000802555759335091 -0.08413917349564479 0.015346669136720503 0.17532152756538444
-0.015867570621825162 0.026000226377354805 0.0008221993503242974 -0.06682801432144057 0.03509287307779026 0.5416724592968578
0.04159069239817034 0.025288980363874086 0.0007997077765311584 -0.007975709115022864 0.09115709391136355 0.10004877495194757
0.005664720616519809 0.02654326518596608 0.0008393717452550561 -0.0463600791479737 0.057689520381013326 0.8310035850138575
0.04557865347782751 0.025587043134309453 0.0008091333489339149 -0.004571951065419015 0.09572925802107404 0.07486056038322869
0.037079474230122984 0.026720856777521066 0.000844987684481137 -0.015293405053818307 0.08945235351406428 0.16524048638781108
-0.021344407197949916 0.027350623518317137 0.0008649026574365017 -0.0749516292938515 0.03226281489795167 0.4351558851631322
-0.0161874089006915 0.026287383055449927 0.000831280041805381 -0.06771067968937336 0.03533586188799036 0.5380356068782327
-0.02102168314621254 0.027254510068499323 0.0008618632832844958 -0.0744405228804712 0.03239715658804613 0.4405230545570784
-0.056260537844641516 0.026026886760097533 0.000823042425651886 -0.10727323589443269 -0.005247839794850349 0.030646592688384523
-0.03395161791024571 0.026702688210011927 0.0008444131439296229 -0.08628888680186908 0.01838565098137767 0.20356214686188945
-0.03637667915683409 0.02596149043344381 0.0008209744122235445 -0.08726120040638395 0.014507842092715773 0.1611607371957735
0.0069577815705483635 0.025717771097808748 0.0008132673301192462 -0.04344904978115678 0.057364612922253505 0.786741983543138
-0.010616813290180669 0.02676627275602167 0.0008464238638234084 -0.06307870789198314 0.041845081311621804 0.691626369523232
-0.012833075677399431 0.026869010941914042 0.0008496727305243452 -0.06549633712355095 0.039830185768752094 0.6329233779344695
-0.007195663051243961 0.026389812271421953 0.00083451913801955 -0.05891969510323099 0.04452836900074307 0.7851082685941217
-0.020041553182107347 0.026433386980449825 0.0008358970913086217 -0.071850991663789 0.03176788529957431 0.44833671456793267
-0.005765821749964154 0.026377960769244743 0.0008341443606138057 -0.05746662485768385 0.04593498135775555 0.8269734804241767
-0.0026960770792050165 0.02759924726999778 0.0008727648307937712 -0.05679060172840067 0.05139844756999064 0.9221811433407632
0.040100224226489505 0.026269582129791955 0.0008307171271099957 -0.011388156747902722 0.09158860520088173 0.12688816507853526
0.03271897959523071 0.02579390406818402 0.0008156748660334461 -0.017837072378409972 0.0832750315688714 0.20462758251364566
-0.02999438221843308 0.025977808346714565 0.0008214904299495113 -0.08091088657799363 0.02092212214112747 0.24824788421202415
0.01746673873042808 0.025742068240350188 0.0008140356732298934 -0.03298771502065829 0.06792119248151446 0.4974363697527494
-0.0006676311456444941 0.027096464027572886 0.0008568654286394985 -0.05377670063968735 0.052441438348398366 0.9803428709479747
-0.010729948011825965 0.02678701494374522 0.0008470797893920204 -0.06323249730156659 0.04177260127791466 0.6887402159385719
0.03990921913441722 0.027789142670673082 0.0008787698506270134 -0.014557500500102016 0.09437593876893646 0.15096128173959392
0.008008315556664787 0.02559480622618672 0.0008093788394540881 -0.04215750464666118 0.05817413575999075 0.7543655224739808
-0.07646749685795712 0.02677452046198351 0.0008466846791865161 -0.12894555696344479 -0.023989436752469437 0.004290420630805605
0.03187869398225764 0.02626237079976216 0.0008304890848314625 -0.019595552785276187 0.08335294074979147 0.22480333388998497
-0.010721317215589624 0.02607710906534092 0.0008246305943910193 -0.061832450983657826 0.04038981655247858 0.6809705952766766
0.012867905892421976 0.025417773248967407 0.0008037805651643508 -0.03695092967555414 0.0626867414603981 0.6126767902437129
-0.009250200625779149 0.025705019000070016 0.0008128640733812514 -0.05963203786591638 0.04113163661435808 0.7189520497127777
-0.06034597912981044 0.026205529068990253 0.0008286915914776095 -0.11170881610503133 -0.008983142154589549 0.02129034171654933
-0.05528754952975531 0.025833507415628072 0.0008169272338423482 -0.10592122406438634 -0.004653874995124284 0.03234274451406421
0.019397236461821912 0.026406391959901562 0.0008350434338044661 -0.03235929177958515 0.07115376470322898 0.4626038799829779
0.018478223649110365 0.025962979471490663 0.0008210214997410516 -0.03240921611501133 0.06936566341323205 0.47664171336274663
-0.03953128790740107 0.02547094724806722 0.0008054620746589023 -0.08945434451361281 0.010391768698810679 0.12065867479068207
-0.06859837973765989 0.026447460283228565 0.0008363421282184417 -0.12043540189278787 -0.01676135758253191 0.009493257146788782
0.01954658486400247 0.02642301703520146 0.000835569164846661 -0.03224252852499239 0.07133569825299733 0.459448073744429
-0.06602666312868676 0.024757858576881214 0.0007829122309127957 -0.11455206593937393 -0.017501260317999576 0.007655508981635327
0.006940383043643073 0.026184334752322482 0.0008280213683363992 -0.044380913070908995 0.058261679158195134 0.7909643213562628
-0.020498882229822563 0.025569077662299586 0.0008085652308260031 -0.07061427444792975 0.029616509988284623 0.42272306115641234
-0.030868692694120643 0.02687116547093693 0.0008497408627143178 -0.08353617701715703 0.02179879162891574 0.25065230735457444
-0.011179460126361044 0.02660429129099709 0.0008413015601413227 -0.06332387105671534 0.040964950803993254 0.674330103942645
-0.05997991796779567 0.026752072459558757 0.0008459748110206841 -0.11241397998853084 -0.0075458559470605105 0.02495709283219806
-0.0005232439330282956 0.02598519073106805 0.0008217238814407094 -0.05145421776592168 0.05040772989986509 0.983934693852664
-0.007912591066123872 0.025940452883183848 0.0008203091464714271 -0.058755878717164214 0.04293069658491647 0.7603440458720419
-0.01356744518546966 0.02689587234094236 0.0008505221625450263 -0.06628335497371668 0.039148464602777364 0.613949829287159
-0.013429159957835822 0.025438904360847312 0.0008044487895946742 -0.06328941250509655 0.03643109258942491 0.5975697721203952
0.017651688618653162 0.025824450869263715 0.0008166408406998853 -0.03296423508510372 0.06826761232241005 0.494274404110814
0.018936067508677688 0.02595182781989886 0.0008206688535540242 -0.031929515018324084 0.06980165003567945 0.46559669835456896
