-0.01860916490412711 0.030859180195865983 0.0009758529614449748 -0.07909315808802445 0.04187482827977022 0.5464854235790467
-0.02967276324817752 0.03064299631755801 0.0009690166269563561 -0.08973303603059123 0.03038750953423618 0.3328758291662546
-0.015358100581872551 0.030541555349694736 0.0009658087818913572 -0.07521954906727424 0.04450334790352913 0.6150633029309593
0.02048557570311751 0.02934759642774675 0.0009280524856310089 -0.037035713295266115 0.07800686470150114 0.48515687792644124
0.01918142821316847 0.03067516852724386 0.0009700340015560342 -0.040941902100229494 0.07930475852656643 0.5317689318597001
-0.027202663822172207 0.029979330638619326 0.0009480296754530733 -0.08596215187386608 0.03155682422952167 0.3642055507241023
-0.03545331410198147 0.029185822373605973 0.0009229367408569663 -0.09265752595424917 0.021750897750286234 0.22446359505432367
-0.04263129446487948 0.030400009398159303 0.0009613327058870794 -0.10221531288527172 0.016952723955512748 0.16081231465737733
-0.024787016047882134 0.029437461622175226 0.0009308942725986874 -0.08248444082734557 0.03291040873158131 0.39977514977966344
0.04789818276237815 0.029911364400912754 0.0009458803943016214 -0.010728091463410847 0.10652445698816715 0.1093022373110624
0.00022217236797068945 0.03068668221028556 0.0009703980961827246 -0.05992372476418901 0.060368069500130385 0.9942233457378157
0.019662649730200276 0.0298058740005914 0.0009425444949386371 -0.03875686331095887 0.07808216277135942 0.5094525115288779
0.03840149909321249 0.03026104013949081 0.0009569381120657041 -0.020910139580189495 0.09771313776661447 0.20443824534712618
-0.057975832198272945 0.02964357241184421 0.0009374120680555863 -0.1160772341254876 0.00012556972894171153 0.05049295976974028
-0.0027362104865981747 0.028959818300664422 0.000915789864547265 -0.05949745435590044 0.05402503338270409 0.9247254867752804
-0.023617641877710392 0.02981673789885116 0.0009428880415663288 -0.08205844815945866 0.034823164404037876 0.4283062068533141
-0.0011891605951146968 0.028754367678630894 0.0009092929454240218 -0.05754772124523125 0.05516940005500186 0.9670122292604151
0.00962990110539485 0.029748962070669634 0.0009407447816927503 -0.048678064553117635 0.06793786676390734 0.7461610455835898
-0.00791864373868821 0.030330835488714535 0.0009591452348020424 -0.0673670812965687 0.051529793819192274 0.7940341399386639
0.009511336495816368 0.031034311116617832 0.0009813910874279575 -0.05131591329275458 0.07033858628438731 0.7592406569318345
0.006322766921292331 0.02930378884446876 0.0009266671682115492 -0.05111265921386644 0.0637581930564511 0.8291700026818652
0.0150412860367316 0.03073854593507336 0.0009720381711654204 -0.04520626399601219 0.0752888360694754 0.6246082382479825
0.028255346289458822 0.029527168533488607 0.0009337310542147776 -0.02961790403617885 0.08612859661509649 0.3386040767582532
0.009802530058228573 0.029276315276862776 0.000925798377720694 -0.04757904788442247 0.06718410800087962 0.73775483836094
-0.009169198339441235 0.029299165356920103 0.0009265209606976775 -0.06659556243900464 0.048257165760122164 0.7543180131965792
-0.013258502229488647 0.03012449334533914 0.0009526201232985698 -0.07230250918635336 0.04578550472737607 0.6598475474557604
-0.018338152576762558 0.030530245072531874 0.0009654511195233328 -0.07817743291892504 0.041501127765399916 0.5480696176429358
-0.05231379959710642 0.029745399081469535 0.0009406321100812414 -0.11061478179678672 0.005987182602573866 0.07862524246653799
0.01920792411130101 0.028850600374379105 0.0009123360904634452 -0.037339252622482035 0.07575510084508405 0.505556795756994
-0.010712423437368435 0.030311622617359677 0.0009585376704633109 -0.07012320376739341 0.04869835689265653 0.7237812658666205
-0.04834867073055018 0.03027466805489758 0.0009573690645901591 -0.10768702011814943 0.010989678657049078 0.11026551691725625
-0.0030954268268657678 0.028833778196430872 0.0009118041264882345 -0.05960963209187028 0.05341877843813874 0.9145079975836015
0.016832576247456387 0.030343392641195583 0.0009595423268297039 -0.04264047332928696 0.07630562582419972 0.5790751586070093
0.003826631553468867 0.029453196400588442 0.0009313918499813255 -0.05390163339168448 0.06155489649862221 0.8966277791620754
-0.03534666468606482 0.029910342384594703 0.0009458480753079125 -0.09397093575987044 0.02327760638774079 0.2373033523233573
0.06912837913833011 0.030391472270908965 0.0009610627382192218 0.009561093487348543 0.1286956647893117 0.022930061945840897
0.03905829475662409 0.02981880693936527 0.0009429534703722864 -0.019386566844531834 0.09750315635778001 0.19024510394540295
0.025116245402101986 0.030619559198204575 0.0009682754801668555 -0.03489809062637898 0.08513058143058296 0.4120633292507825
0.00215504235331079 0.02908431241682123 0.0009197267141707159 -0.05485020998365882 0.059160294690280404 0.9409336932669122
-0.010575571171687644 0.028331325601182657 0.000895915180315764 -0.06610496935000565 0.044953827006630365 0.7089386430144153
0.001029154172303695 0.029985085920610118 0.0009482116734497478 -0.057741614232092134 0.05979992257669953 0.9726202207592188
0.005176179223216783 0.02994723957217433 0.0009470148668279734 -0.0535204103382449 0.06387276878467847 0.8627746136129302
0.03825444783866127 0.030167187708331294 0.0009539702376016218 -0.020873240069668064 0.0973821357469906 0.20476890419905036
-0.015705744155375612 0.030362725042692718 0.0009601536710434218 -0.07521668523905334 0.043805196928302106 0.6049672937157597
0.0019531168489652661 0.03087492134960603 0.000976350740433149 -0.05856172899626256 0.06246796269419309 0.9495602584603892
-0.005786076724409057 0.0304827416236228 0.0009639489285706717 -0.06553225030670974 0.05396009685789163 0.8494542266598348
-0.013232735226527388 0.03138040057733501 0.0009923353971284141 -0.074738320358104 0.04827284990504923 0.6732528373776385
0.025524961869834148 0.03053703639610695 0.0009656658800315772 -0.03432762946653547 0.08537755320620377 0.40322860757486745
0.012827331142965767 0.029407979353032198 0.0009299619613878668 -0.04481230838897734 0.07046697067490887 0.6627022222565506
0.0297633340988863 0.029760083225972477 0.0009410964635024447 -0.028566429024019752 0.08809309722179236 0.31725764691458247
-0.012609260017116286 0.030184493556781142 0.0009545174965810539 -0.07177086738840732 0.04655234735417475 0.676137473409483
-0.01611746264498477 0.029294100298029528 0.0009263607894719065 -0.07353389922912264 0.041298973939153105 0.5821857466239382
-0.049968893864814755 0.029398013979588338 0.0009296468286096992 -0.10758900126480789 0.007651213535178385 0.08918039501570367
-0.029452194151805392 0.029584079881463166 0.0009355307490578776 -0.0874369907194732 0.028532602415862415 0.3194727260781547
-0.024752219378430515 0.03178732925417598 0.001005203611768975 -0.08705538471661545 0.03755094595975441 0.4361670941629743
0.01991109845164839 0.030535736891790868 0.0009656247860968969 -0.039938945856261704 0.07976114275955849 0.5143631882478796
-0.007184661308293642 0.029904217632576245 0.0009456543936430921 -0.06579692786814308 0.0514276052515558 0.8101319689827531
0.04062700920922185 0.02938800064875996 0.0009293301792858746 -0.016973472062347672 0.09822749048079137 0.16683808656565713
0.005979946965226137 0.03014452866177842 0.0009532536956344731 -0.05310332921185957 0.06506322314231185 0.8427509986973983
0.0357670155539352 0.03078321621433518 0.0009734507694272517 -0.02456808822616175 0.09610211933403215 0.2452761315559221
0.03884295088680839 0.030470613158664717 0.000963565392832781 -0.02087945090417445 0.09856535267779123 0.20239150623277902
0.003652691266524667 0.030427206947040358 0.0009621927678994584 -0.05598463434967443 0.06329001688272376 0.9044460114415869
-0.036539347903558034 0.0299549102981237 0.0009472574364810431 -0.09525097208788048 0.022172276280764416 0.22253629227023974
0.02288066881808422 0.030962038056279985 0.0009791056125865738 -0.03780492577222455 0.08356626340839299 0.4599124358925665
0.01698339603361036 0.02984279606964353 0.0009437120732799445 -0.04150848426289096 0.07547527633011167 0.5692914438711498
0.010517543007943334 0.030404295497395817 0.0009614682442457284 -0.04907487616695247 0.07010996218283913 0.7294006350100359
0.002683098306795262 0.029568626760681 0.0009350420784715845 -0.0552714101441395 0.06063760675773003 0.9276980814311723
0.011562539949338082 0.030486439496317602 0.000964065865572801 -0.04819088146344441 0.07131596136212058 0.7044886404094648
-0.0008129660873822639 0.029142252027209322 0.0009215589255264071 -0.057931780060712534 0.056305847885948 0.9777447203788078
-0.048733466072017124 0.02938635395857988 0.0009292781063701777 -0.10633071983083368 0.008863787686799435 0.0972426826540266
0.028076988380376252 0.029275912874087637 0.0009257856526276319 -0.029303800852835512 0.08545777761358801 0.33753486254380616
0.007341626341335888 0.029259569577397317 0.0009252688322074588 -0.050007130030362855 0.06469038271303464 0.8018808458983475
0.02580354878042883 0.03062990994629633 0.0009686027995614212 -0.03423107471431198 0.08583817227516963 0.39954742080814987
-0.018434757362856016 0.03081070640187614 0.0009743200854865979 -0.07882374191053325 0.041954227184821224 0.5496243661548998
-0.04885517566330292 0.03056900831317225 0.0009666769208224608 -0.10877043195712052 0.011060080630514689 0.11000002705299446
-0.05460340313367467 0.029119427613592184 0.0009208371541935278 -0.11167748125631535 0.0024706749889660123 0.06077157835960186
0.03771773015795979 0.02940375442444802 0.0009298283574150912 -0.01991362851395833 0.09534908882987791 0.19957891163676722
-0.0297953790115481 0.03014839071199059 0.000953375824385557 -0.08888622480704965 0.02929546678395345 0.32301021998470814
-0.01649497763656893 0.029610845287767838 0.0009363771455221037 -0.0745322344005939 0.04154227912745603 0.5774873549702173
0.016432455342869582 0.03074321804328291 0.0009721859161995899 -0.043824252021964924 0.07668916270770408 0.5929910305553364
0.012638634695146029 0.030129474524010953 0.0009527776419989215 -0.04641513537191544 0.07169240476220749 0.6748672424566518
0.008292588583193271 0.030446150385869886 0.0009627918120336322 -0.051381866173111704 0.06796704333949825 0.7853382798842454
0.009940164594295203 0.027793589010766652 0.0008789104562464875 -0.044535269866807434 0.06441559905539784 0.7206109781958607
-0.037746771403020365 0.029845958203003536 0.0009438120687167728 -0.0962448494809073 0.020751306674866563 0.20597182429216632
0.014102153664527835 0.030212434208298132 0.0009554010575620812 -0.045114217383736506 0.07331852471279218 0.6406669106912251
0.022262969759425346 0.029305473272077987 0.0009267204344895376 -0.03517575785384751 0.0797016973726982 0.447442054495755
0.024313148800485386 0.0297781702371675 0.0009416684250168572 -0.034052064864362915 0.0826783624653337 0.41422818506321013
-0.005506664432203968 0.030572871277442158 0.0009667990784785884 -0.0654294921359906 0.05441616327158266 0.8570614723361312
-0.006158551471646706 0.029680203413076287 0.0009385704420242443 -0.06433175016127624 0.052014647217982816 0.8356217799669532
0.012915890244265512 0.029218301939146266 0.0009239638349021668 -0.044351981556461174 0.0701837620449922 0.658454513883213
-0.004466241099458213 0.02975986975308869 0.0009410897128971303 -0.06279558581551205 0.05386310361659562 0.8807046842653348
0.020347965328887614 0.029331987224861085 0.000927558879295225 -0.037142729631840114 0.07783866028961534 0.48786254371739557
0.02341770466160545 0.02989557638374385 0.0009453811333617056 -0.03517762505053249 0.08201303437374338 0.4334411505063588
0.0345704489130617 0.029606944198587816 0.0009362537822504605 -0.02345916171617042 0.09260005954229382 0.2429493288107174
-0.003779368698375195 0.029149280999222302 0.000921781201138113 -0.060911959456850906 0.053353222060100514 0.8968388799710029
0.0005046805341309738 0.029408199017130113 0.0009299689077765625 -0.05713538953944405 0.058144750607706 0.9863080006449525
0.0019452892881257446 0.029270384165316146 0.0009256108195052552 -0.0554246636758939 0.059315242252145385 0.9470121586873367
0.009515111629810922 0.029363173366039014 0.0009285450716707633 -0.04803670816762555 0.06706693142724739 0.7459008171006959
0.013765199797551107 0.03015025634677396 0.0009534348209375319 -0.045329302642125854 0.07285970223722807 0.6479921339077312
-0.0165588661850293 0.02879861488203482 0.0009106921648525134 -0.07300415135381755 0.03988641898375894 0.5652992199064406
