0.06526102300351987 0.031034729631108128 0.0009814043220181888 0.0044329529265479395 0.1260890930804918 0.03547989297358324
0.06454684659930043 0.030029614301196446 0.000949619784481464 0.005688802568955403 0.12340489062964546 0.03159955745216841
0.0391489532707286 0.029367974784958034 0.0009286969058686106 -0.018412277307789146 0.09671018384924635 0.18251568115826122
0.031090350455258303 0.029729723735728752 0.0009401364121247265 -0.027179908066770047 0.08936060897728665 0.295668831015808
0.03772858705544468 0.029782568888111285 0.0009418075225730013 -0.020645247965253438 0.0961024220761428 0.20522646640174447
0.0008177536324003124 0.030107488734415225 0.0009520823902861242 -0.05819292428705353 0.05982843155185415 0.9783312122796937
0.019108402949993702 0.030364218460842984 0.0009602008970719606 -0.04040546523325854 0.07862227113324595 0.5291483541420239
0.06836473238018252 0.02972352014946617 0.0009399402375022155 0.01010663288722883 0.12662283187313622 0.02144700776540137
0.05351129501978159 0.029277403421941267 0.0009258327878894214 -0.0038724156872232893 0.11089500572678648 0.06758953737131973
0.01192983435697091 0.028976846417291483 0.00091632834087531 -0.044864784620920396 0.06872445333486221 0.6805576379568904
0.0394774041509549 0.028267532729783447 0.0008938978725947268 -0.015926959999420655 0.09488176830133047 0.16254487591166455
0.002954694137468317 0.029181533134972685 0.0009228011032218745 -0.05424111080707815 0.06015049908201478 0.9193502679237624
0.10291308071140827 0.02964065868472179 0.0009373199279137157 0.04481738968935356 0.16100877173346298 0.0005165500004321997
0.059298926621687266 0.02874058728408374 0.0009088571710857741 0.002967375544883133 0.1156304776984914 0.03908917953943506
0.013078832489287689 0.028049220017094287 0.00088699421845205 -0.04189763874421712 0.06805530372279249 0.6410140163669406
0.07211227011102701 0.030062529522312084 0.0009506606551655988 0.01318971224729533 0.13103482797475868 0.01645147483758369
0.08498050516778571 0.0289911414272394 0.0009167803887814119 0.02815786797039649 0.14180314236517494 0.0033759265726403245
0.046699108680640776 0.02975109647645148 0.0009408122775299671 -0.011613040413204122 0.10501125777448567 0.11649421148192474
0.07701533264371209 0.029922575745997496 0.0009462349281626406 0.018367084181556997 0.13566358110586718 0.01005825013103302
0.03774046596346071 0.03067856195236317 0.0009701413110804968 -0.022389515463171104 0.09787044739009251 0.21862589249568165
-0.009985349634938911 0.02934436155771241 0.0009279501900585775 -0.06750029828805523 0.04752959901817741 0.7336443868225526
0.026252956680245864 0.029441852767366092 0.0009310331328020837 -0.03145307474379168 0.0839589881042834 0.3725600075578528
0.07332551425150541 0.029459120565351524 0.00093157918852018 0.01558563794341642 0.1310653905595944 0.012808140185133826
0.030054666585976716 0.028629579097511057 0.0009053467840008281 -0.026059308445144955 0.08616864161709839 0.29382076575857075
-0.010410584029841265 0.030065008266794768 0.0009507390399486274 -0.069338000232759 0.04851683217307648 0.7291404715923181
0.017234400150020538 0.029979802891355562 0.0009480446093958508 -0.04152601351703636 0.07599481381707744 0.5653812315752207
0.07965618699669137 0.028790139139272777 0.0009104241383326159 0.02322751428371673 0.13608485970966602 0.0056611704004775375
0.0782447965978671 0.028580462761424924 0.0009037935890772831 0.022227089585474244 0.13426250361025993 0.006187006772577557
0.05936860710102374 0.029280808387030476 0.0009259404623397739 0.001978222662444011 0.11675899153960348 0.04260513570060561
0.04407124050915181 0.029196343003774515 0.0009232694323944951 -0.013153591778246237 0.10129607279654985 0.13117664647630348
0.05789174841582897 0.02959349229829611 0.0009358283958126678 -0.00011149648883140156 0.11589499332048933 0.05043778358406015
0.041754146119359244 0.02919929734198837 0.0009233628567718377 -0.01547647667093796 0.09898476890965645 0.15272536511895937
0.020285744048570958 0.028564682744934906 0.0009032945811410484 -0.035701034131501455 0.07627252222864338 0.47759951860452854
-0.027488989764557267 0.029800878042528605 0.000942386508872906 -0.08589871072791333 0.0309207311987988 0.3563084245193485
0.025433289125788225 0.031350080158988054 0.0009913765813125588 -0.03601286798582836 0.08687944623740482 0.4172122899233227
0.08767853786197637 0.02870746504955312 0.0009078097540626637 0.03141190636485225 0.14394516935910048 0.002256563942618557
0.037511173679037314 0.029777633871321818 0.0009416514636395424 -0.020852988708753448 0.09587533606682808 0.2077741115798325
0.07030529816313796 0.028492343344152262 0.0009010070084305991 0.014460305208599533 0.1261502911176764 0.013605433985057253
0.027882841077665785 0.029742046588750907 0.0009405260949529415 -0.030411570236285993 0.08617725239161757 0.34850708696678456
0.016765860503692376 0.02990109306294192 0.0009455555860755693 -0.04184028189967379 0.07537200290705853 0.5749948245731165
0.059042627777984136 0.02915847509199262 0.000922071943879844 0.0018920165976785974 0.11619323895828967 0.04287893136823625
0.032835710423417104 0.03019000999279392 0.0009546919416047235 -0.026336709162458977 0.09200813000929318 0.27675628917590667
0.0005571723191405112 0.03014553518041354 0.000953285524548417 -0.05852807663447002 0.05964242127275105 0.9852537406066052
0.03929089372872254 0.030875291740985154 0.0009763624532369863 -0.02122467808360836 0.09980646554105344 0.2031715469686881
0.061554923310204825 0.029460395575509127 0.0009316195078815588 0.0038125479822069402 0.11929729863820271 0.036670593111931146
0.07123495716375222 0.03008932809672274 0.0009515081004974306 0.01225987409417565 0.1302100402333288 0.01791117643976575
0.11818042714202787 0.029949950108625875 0.0009471005815166513 0.05947852492912115 0.1768823293549346 7.94906089925436e-05
0.050622048465154806 0.029424216598523338 0.0009304754281746597 -0.007049416067950932 0.10829351299826054 0.08535589108484268
0.05853336875578101 0.02902366012681083 0.0009178087203533364 0.0016469949072317885 0.11541974260433023 0.04372196103221326
0.05438787721611174 0.02971287987864747 0.0009396037625951344 -0.0038493673460372954 0.11262512177826078 0.06718299750693577
0.026715302532445123 0.029306382830194818 0.0009267491972426724 -0.030725207814736716 0.08415581287962696 0.3619864391874943
0.07349687280989602 0.02986024112733502 0.000944263734442126 0.014970800200319379 0.13202294541947265 0.013841050421717259
0.0023512210568236527 0.02959374567543447 0.0009358364083013101 -0.055652520467027906 0.06035496258067521 0.9366747547991577
-0.01380932206054028 0.02976280835097469 0.0009411826395216014 -0.07214442642845068 0.04452578230737011 0.6426626948651339
0.0606583586403379 0.028625272745782145 0.0009052106052021364 0.004552824058604903 0.1167638932220709 0.03408631710483944
-0.004952882760334233 0.028878947090142385 0.0009132324923234189 -0.0615556190570133 0.05164985353634484 0.8638267281289116
0.06618127100490945 0.02970984601206525 0.0009395078233099656 0.007949972821261558 0.12441256918855734 0.025908058794547082
0.06441267580578522 0.029535096819334288 0.0009339817686269098 0.0065238860398900145 0.12230146557168042 0.02919185787506242
0.0758056563450631 0.028834874736919133 0.0009118388021431295 0.019289301860701602 0.1323220108294246 0.00856470977043111
0.10597883520192909 0.02958288781358366 0.0009354930525616301 0.047996375087305115 0.16396129531655307 0.00034040357980038855
0.040642065705567054 0.028319899639888686 0.0008955538596943052 -0.01486493758861477 0.09614906899974887 0.1512568154525533
-0.006079796737734094 0.030023680807784007 0.0009494321509448149 -0.06492621112099074 0.05276661764552256 0.8395258226323775
0.002052284124084685 0.029001618942686786 0.0009171117169117452 -0.05479088900358141 0.058895457251750785 0.9435852116463561
0.048307773025711626 0.029649126315218453 0.0009375876979012573 -0.00980451455211654 0.10642006060353978 0.1032463039324485
0.02385604968333693 0.030190299873125458 0.000954701108425689 -0.03531693806798897 0.08302903743466282 0.4294172672913883
0.058534969718723975 0.029032785461568924 0.0009180972887758072 0.0016307102140488833 0.11543922922339907 0.043782423178626524
0.03210179451737323 0.030020294040727525 0.0009493250519667858 -0.026737981802452716 0.09094157083719917 0.28491809388733724
0.00443264562589868 0.02893834570231171 0.0009151108413664995 -0.05228651195063227 0.061151803202429626 0.8782598763554892
0.04397537027942238 0.02964892876223442 0.0009375814507273763 -0.014136530094557079 0.10208727065340184 0.13802057226017514
0.022101074983134048 0.028465610586507956 0.0009001616444076662 -0.03369152176642154 0.07789367173268964 0.4375050702971556
0.0895141641692065 0.02905391540670752 0.0009187654763105309 0.032568489972059765 0.14645983836635323 0.002063292864600741
0.04318753994712328 0.028132393859924103 0.0008896244063029608 -0.011951952018327959 0.09832703191257453 0.12474615308365261
0.1032307727860912 0.028924317835971766 0.0009146672412830331 0.04653910982758654 0.15992243574459586 0.0003583519847153108
0.037204212011167526 0.028465654988045135 0.0009001630485075573 -0.01858847176540094 0.09299689578773598 0.19121747269673472
0.034775560096907514 0.02899291735548278 0.0009168365485635128 -0.02205055791983873 0.09160167811365376 0.23035294355200153
0.021489306713325856 0.0277057576192439 0.0008761329837737485 -0.032813978220392184 0.0757925916470439 0.4379698281378315
0.07504408504447432 0.029520121612099777 0.0009335082109939689 0.01718464668475876 0.13290352340418987 0.01101781358196732
0.017120880110604628 0.027765826443271083 0.000878032526776686 -0.03730013971820669 0.07154189993941595 0.5374873905113213
0.08233631218300183 0.028656310438039973 0.0009061921032106375 0.026169943724443485 0.13850268064156018 0.004062918603168674
0.051337136020166055 0.028851915877311757 0.0009123776903188033 -0.00521261909936499 0.1078868911396971 0.07518535421442812
0.02968581762666652 0.031639923489389044 0.0010005422321993174 -0.032328432412536 0.09170006766586905 0.3481214791397371
0.044240153762653646 0.028587298989932203 0.0009040097696041669 -0.011790952257613473 0.10027125978292076 0.12173169548201193
0.004660695906575223 0.03016425264423944 0.0009538774227255334 -0.054461239276134076 0.06378263108928452 0.8772071766800096
0.07181983778067644 0.028548071428845235 0.0009027692852032847 0.015865617780139778 0.1277740577812131 0.011877908385109033
0.02232398546790827 0.029195307492827352 0.0009232366866631443 -0.03489881721803334 0.07954678815384988 0.4444841981357902
0.03936376819924637 0.029319434750038374 0.0009271619351881082 -0.01810232391082884 0.09682986030932159 0.17940710951376881
0.035239602190734194 0.02902611967383729 0.0009178864980594955 -0.021651592369986893 0.09213079675145527 0.22472282226279572
0.05509518207857579 0.029947157063353505 0.0009470122576699648 -0.0036012457655970748 0.11379160992274866 0.06580544026802458
0.06590109911364425 0.028832582243266798 0.000911766307128501 0.009389237916841327 0.12241296031044718 0.022274930371991637
0.008655219114723346 0.03020149955512711 0.0009550552734676371 -0.05053972001332579 0.06785015824277248 0.774432069650977
0.03663981852051607 0.030405971603422875 0.0009615212473721828 -0.02295588582219276 0.0962355228632249 0.22819539550622603
0.012609098431079005 0.029676508636879845 0.0009384536029419909 -0.04555685849720549 0.0707750553593635 0.6709206312997041
0.03399913222969322 0.029333283746167668 0.0009275998788988624 -0.02349410391279541 0.09149236837218185 0.24643038991470234
0.011691817907920466 0.028960424404293587 0.0009158090312269276 -0.04507061392449496 0.0684542497403359 0.6864207799614923
0.020693817072501144 0.027822620667060708 0.0008798285178278513 -0.03383851943493785 0.07522615357994013 0.4570115765305829
0.03247037068843376 0.029406384469954888 0.0009299115267566071 -0.02516614287267782 0.09010688424954534 0.26950873528295893
0.05297909996777358 0.030153410446050005 0.0009535345623143177 -0.00612158450648443 0.1120797844420316 0.07892030879777104
-0.018895493495619902 0.02811919652000282 0.0008892070697708935 -0.07400911867482543 0.03621813168358563 0.5015974290858829
0.026096057480144985 0.028434825795933573 0.000899188143852603 -0.029636201079884815 0.08182831604017479 0.358749836084857
0.07181443061661451 0.028486226984742142 0.0009008135921633573 0.015981425726519914 0.1276474355067091 0.011701423598811324
