-0.020979950448541607 0.02890540274103939 0.000914069093461587 -0.07763453982097882 0.035674638923895594 0.46795270853000726
-0.04001973593731238 0.026647023283079822 0.0008426528643806999 -0.09224790157214884 0.012208429697524073 0.13313678244165436
-0.08514114752445397 0.02543378628517658 0.0008042869418311082 -0.13499136864340006 -0.03529092640550787 0.0008152608425257897
-0.050707890893918146 0.02596932101592883 0.0008212220369841294 -0.10160776008513865 0.00019197829730235871 0.05086612219934201
0.014717669591724747 0.026459604333438084 0.0008367261568052569 -0.03714315490181389 0.06657849408526338 0.5780524998394753
-0.015913171493976926 0.025890158274189407 0.0008187186912869269 -0.06665788171138817 0.034831538723434315 0.5387913538809858
-0.03486033679528808 0.025059974405103644 0.0007924659722565062 -0.08397788662929122 0.014257213038715064 0.1642022869015325
-0.07422774173821822 0.026564071961895152 0.0008400297132820625 -0.12629332278353272 -0.022162160692903728 0.005201368326100721
-0.030706815983607562 0.027108290201155762 0.0008572394050847625 -0.08383906477787285 0.02242543281065773 0.2573207995510638
-0.02831463853777801 0.026366710319554402 0.0008337885901565796 -0.07999339076410464 0.023364113688548616 0.2828772220963204
-0.03131811896787968 0.025199205896661588 0.0007968688586099624 -0.0807085625253364 0.018072324589577034 0.21393355800972758
0.0011866924129074437 0.025391427011953703 0.0008029474239969715 -0.04858050453052182 0.0509538893563367 0.962723679263201
-0.06449810565840551 0.026474383419477783 0.0008371935125414675 -0.11638789716058195 -0.01260831415622906 0.014840595815530298
-0.06696276016893608 0.02653927297020322 0.0008392455003078416 -0.1189797351905344 -0.014945785147337777 0.011630636444993295
0.037449200437690636 0.026468757235902248 0.0008370155969951382 -0.01442956374467777 0.08932796462005904 0.15711381826424103
-0.03700941879626231 0.025672598363971996 0.0008118388428486392 -0.08732771158964742 0.013308873997122807 0.14941743651178618
-0.07961629657095566 0.025787889740103667 0.0008154846762801518 -0.13016056046155886 -0.029072032680352473 0.0020194821025579144
-0.025724506515022467 0.026881337423661406 0.0008500625281029268 -0.07841192786539883 0.02696291483535389 0.3385847812905801
-0.07537544140911237 0.02638958646487697 0.0008345119973896228 -0.12709903088027125 -0.023651851937953508 0.0042866797954400765
-0.05061432469282813 0.026334841397093058 0.0008327808063410481 -0.10223061383113052 0.0010019644454742627 0.054611685039124044
-0.012456790210824156 0.026525864865614757 0.0008388214988117885 -0.06444748534742908 0.039533904925780766 0.6386342496542431
-0.04217350058731553 0.027353476542088466 0.0008649928779698617 -0.09578631460980892 0.011439313435177859 0.12312299784216138
-0.09613921793855525 0.0255191374920654 0.0008069859839792374 -0.14615672742300342 -0.04612170845410706 0.0001649975018961095
0.001385223338923487 0.02657906934060024 0.0008405039720384644 -0.05070975256865298 0.05348019924649995 0.9584354079124753
-0.012248421727649774 0.026763772572660143 0.0008463448010835036 -0.06470541597006366 0.040208572514764104 0.6472044198312578
-0.03281656732163033 0.02609243383704978 0.0008251152062232403 -0.0839577376422479 0.018324602998987236 0.20849870150680383
-0.055998587075719385 0.0270897540303115 0.0008566532398951038 -0.10909450497512993 -0.002902669176308846 0.038720014853808285
-0.08276933455333335 0.02694400946359826 0.0008520443920210217 -0.13557959310198595 -0.029959076004680764 0.002127001260408223
-0.03575077542879354 0.027275000180273373 0.0008625112375116701 -0.08920977578212935 0.01770822492454227 0.18994138581536735
-0.032806971971022336 0.025914246132526107 0.0008194804162499213 -0.0835988943907735 0.01798495044872883 0.2055194876574099
-0.09008814000307294 0.026564761181025836 0.0008400515083046618 -0.14215507191788357 -0.0380212080882623 0.0006957084326960925
-0.10800647803643783 0.025223193375692513 0.0007976274093005949 -0.15744393705279516 -0.0585690190200805 1.8519576494333353e-05
-0.004382848465736066 0.024849649599226278 0.0007858149179064538 -0.05308816168021957 0.04432246474874743 0.8599996120278944
0.026954509436706395 0.025560970903833656 0.0008083088726140712 -0.02314499353480757 0.07705401240822035 0.29164572520101917
-0.006839119236047249 0.02610877900558588 0.0008256320858363743 -0.05801232608699557 0.044334087614901076 0.7933622178844157
-0.07397084370370338 0.026370483911235615 0.0008339079216033006 -0.1256569921697252 -0.022284695237681576 0.00503068939552091
-0.039891159470335516 0.0258020997931621 0.0008159340376135167 -0.09046327506493324 0.010680956124262203 0.12209414865968604
-0.05580678939285396 0.026076216331803303 0.0008246023636777943 -0.10691617340318843 -0.00469740538251949 0.032343343491585984
-0.03549450037858436 0.026528278459800377 0.0008388978233615275 -0.08748992615979309 0.016500925402624385 0.18090056808865784
-0.021620489624404448 0.02546329591402583 0.0008052201182318067 -0.07152854961589508 0.028287570367086182 0.3958342801683108
-0.06257349728033211 0.025372439437242916 0.0008023469841636844 -0.11230347857732823 -0.012843515983335996 0.013655525695488368
-0.05039596839170509 0.026875270287014152 0.0008498706683961188 -0.10307149815425283 0.0022795613708426476 0.06076796948591099
0.00979544432203998 0.02619401053840119 0.0008283273435580118 -0.04154481633322635 0.061135704977306304 0.7084360033812054
0.004200480038270294 0.025994808576001813 0.0008220280244024394 -0.04674934477069326 0.05515030484723385 0.8716293712822801
-0.0366297088343489 0.02549254924476861 0.0008061451897747407 -0.08659510535409537 0.013335687685397578 0.15075237602683106
-0.07613992133840404 0.02849513709431345 0.0009010953545678273 -0.1319903900432584 -0.020289452633549677 0.007539343335851563
-0.07755347081193041 0.02628774057831522 0.0008312913476710801 -0.12907744234542823 -0.02602949927843258 0.003175925854216658
-0.011323195680136445 0.02709601879829084 0.0008568513492533757 -0.06443139252478648 0.0417850011645136 0.676026454476322
-0.04372136969064998 0.025306931547657764 0.0008002754428056854 -0.0933229555240592 0.0058802161427592425 0.08405206034816512
-0.05591225631660899 0.026467637094016214 0.000836980174998514 -0.10778882502088077 -0.004035687612337212 0.03464561589150801
-0.022906176029026948 0.025917367386494233 0.0008195791189668725 -0.07370421610655564 0.027891864048501747 0.3767957133216081
-0.028727815047854977 0.026775656311432486 0.0008467205978998942 -0.08120810141826265 0.023752471322552694 0.2833124099345704
-0.0017823186288190552 0.025907387049602285 0.0008192635130029289 -0.052560797246039535 0.04899615998840142 0.9451521855302826
-0.040838031927843105 0.02721739199145559 0.0008606895066262576 -0.09418412023109606 0.012508056375409846 0.13350076627177848
-0.022408503275718125 0.027253814384339745 0.0008618412838197322 -0.07582597946902403 0.031008972917587772 0.4109543702568331
0.014516635706350096 0.02655888381951126 0.000839865649814479 -0.03753877657989197 0.06657204799259217 0.5846652170543096
-0.04611455257926055 0.025266823431724324 0.0007990071128156078 -0.09563752650544022 0.00340842134691912 0.06798550349332592
-0.026510192962182554 0.026037647775087016 0.0008233827188249057 -0.0775439826013531 0.024523596676988 0.3086073724531251
-0.071257516950545 0.025844151792043593 0.0008172638385798005 -0.12191205446295045 -0.020602979438139553 0.005829853226779016
-0.052059338962005444 0.026587172028175197 0.0008407602015175205 -0.10417019613722883 5.15182132179437e-05 0.05022270391524477
-0.02870025692374974 0.024995344131717678 0.0007904221835595162 -0.07769113142191639 0.02029061757441691 0.25087605607686314
-0.013879137393603608 0.027181069532440323 0.0008595408896191941 -0.06715403367718664 0.039395758889979426 0.6096187230821534
0.000585631080669138 0.024468004893597 0.0007737462526391238 -0.04737165851078098 0.04854292067211926 0.9809048024067195
0.004524059880100923 0.026377168249635083 0.000834119298943237 -0.047175189889183844 0.05622330964938568 0.8638194369970245
0.001158335419707981 0.026255717369144397 0.0008302786848814022 -0.050302870623815034 0.052619541463230994 0.964810779550763
-0.0486608868853837 0.02458537134402519 0.000777457705681547 -0.09684821471967306 -0.00047355905109432855 0.04778653562010136
-0.02780929366905075 0.026538386577816223 0.0008392174701194061 -0.07982453136157056 0.024205944023469046 0.294689572097392
0.0058127468256849715 0.024795338100880037 0.0007840974375273479 -0.0427861158520399 0.05441160950340984 0.8146519311081615
-0.04326702940095159 0.026884735966794932 0.0008501699994732095 -0.09596111189586966 0.009427053093966478 0.10753918493548016
-0.03551411495368479 0.025897177934659486 0.0008189406724417918 -0.08627258370561738 0.015244353798247803 0.1702656355114539
-0.08258990363125909 0.024805816899739545 0.0007844288062427361 -0.1312093047547486 -0.03397050250776958 0.0008701546252948544
-0.047750068251619655 0.025515527349182703 0.0008068718212373578 -0.09776050185601776 0.0022603653527784387 0.06128797418152434
-0.049866091942284925 0.026372887714650944 0.0008339839365416979 -0.10155695186300077 0.0018247679784309245 0.058649852961580616
-0.03619870384304051 0.026793756584821027 0.0008472929788016895 -0.08871446674928973 0.016317059063208704 0.1766913834242665
-0.04950871371511224 0.025343038570519772 0.0008014172471234026 -0.099181069313331 0.00016364188310651062 0.05075529603892429
0.0067548014332859405 0.025911855564223398 0.0008194048198425337 -0.04403243547259192 0.0575420383391638 0.7943363462632802
-0.05686463687218885 0.027367192618062617 0.000865426618376244 -0.11050433440359159 -0.0032249393407861246 0.03772413410034065
-0.004702072982498611 0.02528336420242294 0.0007995301779122298 -0.05425746681924757 0.044853320854250346 0.8524643873478213
-0.057745499104322584 0.027209015032088026 0.0008604246039115758 -0.11107516856721511 -0.004415829641430051 0.03381315030894996
-0.05106391829375841 0.025556479284572383 0.0008081668351415922 -0.10115461769152029 -0.0009732188959965457 0.04570786819428345
-0.02134781014200693 0.025546220773658153 0.0008078424325426855 -0.07141840285837692 0.028722782574363052 0.4033493917682873
-0.04844386245625714 0.026409102960987047 0.0008351291631861593 -0.10020570425979175 0.0033179793472774693 0.0666002341325093
-0.002454958200578891 0.02486768253383936 0.0007863851693691961 -0.051195615966904036 0.04628569956574625 0.9213599315990595
-0.06402314538956493 0.025986067152847334 0.0008217515963308444 -0.11495583700914569 -0.013090453769984155 0.01374923806905969
0.023034153633049954 0.025906801701917646 0.0008192450026838632 -0.027743177702708628 0.07381148496880854 0.3739407049261426
-0.036452121821413865 0.02593905882152932 0.000820265062371157 -0.08729267711161133 0.014388433468783601 0.1599325185454863
0.019224370824329907 0.02755267327180629 0.0008712920316535144 -0.03477886878841042 0.07322761043707024 0.48534506178109227
-0.031644630177401455 0.025646422122005616 0.0008110110773966649 -0.08191161753653246 0.018622357181729554 0.21724729111081642
-0.06011495802499553 0.026749857150460757 0.0008459047567959744 -0.11254467803989862 -0.007685238010092445 0.02462085121499364
-0.01167100552781402 0.025398845483884363 0.0008031820166775605 -0.06145274267622737 0.03811073162059933 0.6458684802970849
-0.03387691503436845 0.02645658462390267 0.0008366306652052166 -0.08573182089721769 0.017977990828480783 0.20037919660019055
-0.04329031910570844 0.025785833006280335 0.0008154196366459274 -0.0938305517980179 0.0072499135866010145 0.09318299456403138
-0.06810902293004743 0.02653801703646191 0.0008392057841957136 -0.12012353632151278 -0.01609450953858209 0.010273953054316635
0.010049691577070164 0.026466652400895664 0.0008369490362679416 -0.04182494712868534 0.061924330282825665 0.7041596024812329
-0.04634435478233988 0.025752840490434577 0.0008143763216878095 -0.09681992214359164 0.004131212578911893 0.0719266249755424
0.013954347380481956 0.024943274157378494 0.0007887755863933327 -0.034934469967979886 0.0628431647289438 0.5758592234623454
-0.026779539221824755 0.02666877557925024 0.0008433407323830707 -0.07905033935715522 0.025491260913505714 0.31530472388094277
-0.01061968899824969 0.025616011010005615 0.00081004939359568 -0.0608270705778607 0.039587692581361314 0.6784550181567124
0.009287376289866754 0.026499854637823547 0.0008379989831889883 -0.0426523388002674 0.06122709138000091 0.7259867869277731
-0.016445649011757248 0.026487766688654917 0.0008376167286728561 -0.06836167172152088 0.03547037369800639 0.5346804585708986
