0.011247113635204942 0.026451557808877164 0.000836471703356647 -0.0405979396701943 0.06309216694060418 0.6706933297281108
-0.0533395012620339 0.02679481405968578 0.0008473264190930994 -0.10585733681901803 -0.0008216657050497678 0.046517717798786704
-0.049738992642616955 0.026785011007881908 0.0008470164193758908 -0.10223761421806549 0.002759628932831583 0.0633152590079346
0.018155463742059605 0.024898752243969244 0.0007873676798717125 -0.03064609065612011 0.06695701814023933 0.46589668323482436
-0.04316984600199678 0.02629535245645575 0.0008315320563930373 -0.09470873681665004 0.008369044812656483 0.10064615277536745
-0.02825880192017612 0.026950730000602597 0.0008522569140613533 -0.08108223272135721 0.024564628881004972 0.2943918738707343
-0.0012643128601205538 0.026895931675913382 0.0008505240388815597 -0.053980338944910784 0.051451713224669675 0.9625071803103329
0.06803476298565221 0.026922066092516572 0.0008513504816994177 0.01526751344431973 0.12080201252698469 0.011500863167835704
-0.04750652897821311 0.0265435860389101 0.0008393818915160268 -0.09953195761447689 0.004518899658050683 0.07349322662811536
-0.023146689098039908 0.027029696811780798 0.0008547540638901888 -0.07612489484913026 0.029831516653050456 0.3918081355124827
0.011048500969058702 0.026304049818365028 0.0008318070911257185 -0.04050743667493675 0.06260443861305416 0.6744632346970261
-0.029704772856730812 0.026025316987806926 0.0008229927850934247 -0.08071439415283238 0.02130484843937076 0.2537118788999094
0.024591198378573483 0.02632299244117563 0.0008324061094551081 -0.027001866806130755 0.07618426356327772 0.3501956643875601
0.015752410018976724 0.026275779452686103 0.0008309131036674059 -0.035748117708288035 0.06725293774624148 0.5488374743652604
0.0027982253097339174 0.026657208266950318 0.0008429749418503283 -0.049449902893488704 0.055046353512956545 0.9163990732029496
0.043903832048347254 0.02799786238356001 0.0008853701474800042 -0.010971978223430365 0.09877964232012487 0.11685459588480551
0.001245243516591755 0.026957362773587627 0.0008524666607597085 -0.051591187519639994 0.054081674552823505 0.9631563608641344
0.049962171638980174 0.02703593705424704 0.0008549513976836392 -0.0030282649873440218 0.10295260826530436 0.06460362723474557
-0.017549921546685356 0.02600591192688777 0.0008223791431870362 -0.06852150892338539 0.03342166583001467 0.49977517751497624
0.051151113673339736 0.02629221842295461 0.0008314329495517687 -0.0003816344356512985 0.10268386178233077 0.051716646521740794
0.0396701337010124 0.026559312850418626 0.0008398792169630178 -0.01238611948580811 0.09172638688783291 0.1352689346152579
0.016211999668389255 0.027095580359668272 0.0008568374846067608 -0.03689533783656056 0.06931933717333906 0.5496221986403673
-0.0023463562117104703 0.025858310105564473 0.0008177115637653278 -0.05302864401861684 0.0483359315951959 0.9277000113106665
0.042612657327363766 0.027522931025715743 0.0008703514992497607 -0.011332287483039091 0.09655760213776662 0.12155967461885318
-0.008404569082703638 0.027298735645442513 0.0008632618188242508 -0.06191009094777096 0.04510095278236369 0.7581782621927952
0.03486966222661319 0.02698810596595942 0.0008534388458641043 -0.01802702546666727 0.08776634991989365 0.19634393678461182
0.004542725449228033 0.02693401787962236 0.0008517284303930549 -0.048247949594831786 0.057333400493287855 0.8660630905385095
0.02877400807063073 0.0263577319289197 0.0008335046685152957 -0.022887146510051883 0.08043516265131334 0.2749771274201148
0.007819327991908258 0.028643753410691714 0.0009057950151400223 -0.0483224286930475 0.06396108467686401 0.7848643980888427
0.03253179151542383 0.026450282078700153 0.0008364313612262554 -0.019310761358828463 0.08437434438967613 0.2187262062286368
0.06611812070905682 0.025537166602075775 0.0008075561144974227 0.0160652741689883 0.11617096724912533 0.009622886745399703
0.01996891592690115 0.0260916420857502 0.0008250901688487696 -0.031170702561169245 0.07110853441497154 0.44407051261155606
0.015973747932696306 0.02520657031349341 0.0007971017419182367 -0.033431129881750773 0.06537862574714338 0.5262677084981605
0.015403407028624165 0.02619530856203539 0.0008283683906694199 -0.0359393977529652 0.06674621181021353 0.5565178003903938
-0.004866331940461458 0.026740622599793422 0.0008456127346632043 -0.05727795223605656 0.04754528835513364 0.8555962662025246
-0.02185913423176435 0.026325036137850723 0.0008324707368185061 -0.07345620506195176 0.029737936598423064 0.40633791013807796
-0.016801255297626713 0.02589519689389646 0.0008188780264323038 -0.06755584120966378 0.033953330614410346 0.5164563849572128
0.0038456932314674544 0.0249125549994246 0.0007878041613239648 -0.04498291456740476 0.05267430103033967 0.8773198385388444
-0.051555688325445825 0.025435780754234152 0.0008043500124805547 -0.10140981860374476 -0.0017015580471468894 0.04267302533473117
-0.0022526001227311486 0.02734381166903442 0.00086468724784839 -0.05584647099403861 0.05134127074857632 0.9343440476993442
-0.0030018268786011224 0.02740106243045404 0.0008664976758870389 -0.05670790924229104 0.0507042554850888 0.9127650941604348
0.061322799712859394 0.02595896998570973 0.0008208947086679136 0.01044321854086832 0.11220238088485046 0.018162079989810852
-0.02277438727814584 0.025070838293297173 0.0007928095185658759 -0.0719132303330083 0.026364455776716617 0.3636661300262676
-0.02546526632877728 0.025682123494150423 0.0008121400539123736 -0.07580222837731211 0.024871695719757548 0.32141411101089823
-0.03768401952814485 0.02640187607567748 0.0008349006290064889 -0.08943169663647271 0.014063657580183006 0.15348665509943132
0.061098904565074545 0.02640538604978186 0.0008350116241334694 0.009344347907502104 0.11285346122264699 0.020674284918131967
-0.03566795265813039 0.027421151545030654 0.0008671329494694208 -0.08941340968639047 0.018077504370129685 0.19334541780702064
0.04759581246013175 0.026592666490956957 0.0008409339516866144 -0.004525813862143881 0.09971743878240738 0.07348450912213256
-0.03713718145333128 0.025839294395505752 0.0008171102342142185 -0.08778219846852256 0.013507835561859992 0.15065075650411833
0.035275823899424075 0.026680792090223542 0.0008437207278251111 -0.017018528597414068 0.08757017639626222 0.18612051989126965
0.01204534230342184 0.02631234387612226 0.0008320693722612968 -0.03952685169377779 0.06361753630062147 0.6471083890430503
-0.03245885830929208 0.026844357531813894 0.0008488931212442786 -0.0850737990716473 0.020156082453063155 0.2266051742519416
0.06058154848849367 0.026279138781580908 0.0008310193349745779 0.009074436476595088 0.11208866050039225 0.021149245434562806
-0.03233587740579506 0.026358050276726257 0.0008335147355568642 -0.08399765594817853 0.0193259011365884 0.2199003192804755
0.011765235892084927 0.02624865187452417 0.0008300552543234464 -0.039682121781982445 0.0632125935661523 0.6539926389747204
0.08957308902763952 0.027550077048624454 0.0008712099318678271 0.03557493801233559 0.14357124004294347 0.0011488555812437576
-0.01290891114456514 0.02671790777989881 0.0008448944289881295 -0.0652760103931668 0.03945818810403653 0.6289851419543085
0.022506126477052555 0.02660725124999208 0.0008413951622633715 -0.02964408597293192 0.07465633892703703 0.397628397143428
-0.04106479410040351 0.026655863784487126 0.00084293242558175 -0.09331028711799827 0.011180698917191263 0.12342540247007686
-0.027666723354400395 0.027025596602400375 0.0008546244038849316 -0.08063689269510513 0.025303445986304338 0.3059661544235128
-0.002587816475982094 0.026675436906115433 0.0008435513820343995 -0.05487167281196834 0.049696039860004156 0.9227174902304953
-0.002138047804148347 0.026759332676033074 0.0008462043992243313 -0.054586339849173174 0.050310244240876476 0.9363174697721964
0.03048243164128585 0.026808607749825058 0.0008477626138748866 -0.022062439548371258 0.08302730283094296 0.2555219965532681
-0.000518587548544822 0.026996348224086354 0.0008536994889515458 -0.053431430067754075 0.05239425497066443 0.9846739437168135
0.01282108589177931 0.026430935639626056 0.0008358195731053771 -0.03898354796188776 0.06462571974544638 0.6276204671449328
0.024311591248852838 0.02810865823866773 0.0008888738200544683 -0.030781378898935913 0.0794045613966416 0.38708561761220917
-0.025397351738181567 0.026943651529321468 0.0008520330731453487 -0.07820690873565164 0.027412205259288506 0.34588049191142833
-0.02383728746902145 0.026764684705340467 0.0008463736452514846 -0.07629606949148876 0.028621494553445866 0.3731305800991884
0.0010686420766493068 0.027070477780829404 0.0008560436713640131 -0.05198949437377633 0.05412677852707494 0.9685106552822816
0.02914450509332407 0.02619267454563865 0.0008282850957573406 -0.022193137016127688 0.08048214720277583 0.2658386712868184
0.01890498936341608 0.026626524289363733 0.0008420046292818567 -0.03328299824373684 0.07109297697056899 0.47770047697614504
-0.02000221569430955 0.025475933547775487 0.0008056197553006459 -0.06993504544794951 0.029930614059330403 0.43237054073461323
-0.0159297944398481 0.027827596076610447 0.0008799858540925445 -0.07047188275000457 0.03861229387030837 0.5670198990930804
-0.053124533368061264 0.02530244700652086 0.000800133629163152 -0.10271732950084214 -0.0035317372352803786 0.035765728196175614
-0.04742607439688125 0.026088790077540492 0.0008249999804302878 -0.09856010294886061 0.0037079541550981143 0.06908373744626364
0.03248142015342549 0.025743330858592674 0.0008140756007245088 -0.01797550832941615 0.08293834863626713 0.20704194074933358
-0.07130275515458587 0.027223717067096753 0.000860889523080247 -0.1246612406060955 -0.017944269703076235 0.008815148778585795
-0.03792060001049942 0.026267606457610903 0.0008306546508699762 -0.08940510866741679 0.013563908646417946 0.1488442032679313
-0.029941052891171733 0.026649852425777564 0.0008427423297282049 -0.08217476364569576 0.02229265786335229 0.26122609745881264
0.018372774175467874 0.026391686223786626 0.0008345783975965402 -0.03335493082315391 0.07010047917408967 0.4863301082643796
0.019555737946263335 0.026456516212168955 0.0008366285018362444 -0.03229903382958782 0.07141050972211449 0.4598066470760529
0.060420472815427444 0.027585731060304024 0.000872337410714124 0.006352439937231558 0.11448850569362333 0.028503942209866663
-0.01423878678022517 0.026116997326218232 0.0008258919719537722 -0.0654281015396129 0.03695052797916256 0.5856212420543566
-0.03321923534705342 0.027516978647428716 0.0008701632685209413 -0.0871525134960137 0.020714042801906862 0.22734479431571097
0.003219140918115379 0.026879888334992667 0.0008500167038956793 -0.04946544021847025 0.055903722054701004 0.9046731073664727
-0.03294428082168212 0.025664487733207862 0.0008115823621838863 -0.08324667677876953 0.01735811513540529 0.19926361257074687
0.010905172633285632 0.027371302639850215 0.0008655565886770613 -0.042742580540820786 0.06455292580739205 0.6903233578878447
-0.043580292837862154 0.028242082141000636 0.0008930930543112667 -0.0989347738342234 0.011774188158499094 0.12280706547228139
-0.038620486472871536 0.02677543895622837 0.0008467137245248312 -0.09110034682707914 0.013859373881336068 0.14919384618721915
-0.003220348012276323 0.026564486323503906 0.0008400428165466485 -0.05528674120634398 0.04884604518179133 0.9035107908218624
-0.0015459105992793939 0.02558447933043332 0.0008090522743366894 -0.0516914900869287 0.04859966888836991 0.9518181304883491
-0.06787586535142091 0.026037347860477046 0.0008233732346921951 -0.11890906715795593 -0.0168426635448859 0.009137522951880389
0.0382587664627055 0.02663390044990413 0.0008422378839588037 -0.013943678419106598 0.0904612113445176 0.15086899412934893
0.019697515987864078 0.025689128702048862 0.0008123615780367944 -0.03065317626815169 0.07004820824387985 0.44322145268500246
0.011094317985124426 0.02768246124745275 0.0008753962878129672 -0.043163306059882965 0.06535194203013181 0.6885889896153579
-0.0014067485109107462 0.026883120742678696 0.0008501189216018201 -0.05409766516656099 0.0512841681447395 0.9582670891319565
0.00739712773678354 0.02718115792238609 0.0008595436847547029 -0.04587794179109319 0.06067219726466027 0.7855130328371358
0.0523982682514041 0.02674791365247264 0.0008458432979932703 -2.764250744227703e-05 0.10482417901025047 0.05011670373820984
-0.025766274251600198 0.025849349852758587 0.0008174282156925526 -0.07643099996300703 0.024898451459806632 0.31886831612648836
-0.009249041578574044 0.027564366042286608 0.0008716617895222682 -0.0632751990214558 0.04477711586430771 0.7372151987390391
