-0.04402459303602823 0.030091607941079918 0.0009515801955062243 -0.10300414460054487 0.01495495852848841 0.14346219024277904
0.01590521416684619 0.029193130895702385 0.0009231678566185097 -0.041313322388730485 0.07312375072242286 0.5858723129128292
0.023246862964260786 0.030496397304791673 0.0009643807591256188 -0.036526075753130896 0.08301980168165246 0.4458915534569682
-0.040847569693826795 0.030542547951645432 0.0009658401707210984 -0.10071096367905184 0.019015824291398253 0.1810924669604782
0.038681977578115714 0.03155951228995166 0.0009979994068032355 -0.023174666510189533 0.10053862166642097 0.2203177528993705
0.005885671330383699 0.029250952095633786 0.0009249963235067817 -0.051446194777058515 0.06321753743782592 0.8405320400382768
-0.03300353291529821 0.03060699911851588 0.0009678782955727605 -0.09299325118758933 0.026986185356992917 0.2808998130379853
-0.02917998589301275 0.030339005544816364 0.0009594035946609738 -0.08864443676085282 0.030284464974827324 0.33615123130921687
0.03431511915778712 0.02939470521333322 0.0009295421962335863 -0.02329850306034599 0.09192874137592023 0.2430524375004952
0.017606117412650585 0.02889601371633074 0.0009137721864307176 -0.03903006947135766 0.07424230429665883 0.5423307385525238
-0.020234640170436836 0.029878728423001977 0.0009448483540629714 -0.07879694787952071 0.03832766753864704 0.4982628193021206
-0.021944409824849197 0.031045465940168573 0.000981743833921134 -0.0827935230675796 0.0389047034178812 0.4796612557301203
-0.018710005731133687 0.030176043077076085 0.0009542502689491638 -0.07785505016220282 0.040435038699935436 0.535239045301668
-0.03554378106023138 0.030140381530077257 0.0009531225518151495 -0.0946189288591828 0.02353136673872004 0.238288919175075
-0.030347739836281674 0.030498704920098246 0.0009644537323289412 -0.09012520147967423 0.029429721807110884 0.319711890999263
-0.008734726680307586 0.030844866834592977 0.0009754003332190193 -0.06919066567610982 0.05172121231549465 0.777036938092124
-0.031563883866119725 0.031132833861587283 0.0009845066501823112 -0.0925842382348308 0.02945647050259135 0.31065647490911186
0.007846776194134928 0.03107024182619032 0.0009825273162299083 -0.053050897785198094 0.06874445017346795 0.8006163046092573
0.0050997546497541435 0.030937660415249677 0.0009783347238901965 -0.05553805976413522 0.0657375690636435 0.8690701556649478
-0.04927210000734264 0.030970828512183614 0.0009793835912098414 -0.10997492389122251 0.011430723876537242 0.11162765715890553
-0.045152931704149295 0.030955136414681596 0.0009788873635161231 -0.10582499907692522 0.01551913566862663 0.14465948971293363
0.005586475889578981 0.030946925148031754 0.0009786277004652383 -0.05506949740056326 0.06624244917972122 0.8567459535836683
0.025024888250162157 0.030745582286696535 0.000972260680140891 -0.03523645303176305 0.08528622953208737 0.4156825105384657
-0.010371244616991073 0.029586239372420452 0.0009355990381579933 -0.06836027378693516 0.04761778455295301 0.7259313392782771
-0.01550536656371436 0.03172748360042365 0.0010033111260297832 -0.07769123442054471 0.04668050129311599 0.62505086044897
-0.02545266616659363 0.03143941511850439 0.0009942016007800645 -0.08707391979886224 0.03616858746567497 0.4181826220631484
0.02450969359425163 0.031034932300221252 0.0009814107309782773 -0.03631877371418202 0.08533816090268528 0.42967649850331946
0.005683349799687192 0.030442137133205024 0.0009626649018411652 -0.05398323898139465 0.06534993858076904 0.851900935469265
-0.017815604584504482 0.031126377277302008 0.000984302475059848 -0.07882330404801642 0.04319209487900745 0.5670756872727869
-0.03883640821567033 0.030977953173784763 0.000979608892792017 -0.09955319643628846 0.021880380004947804 0.2099587172531041
-0.03338243253905753 0.030402669318500053 0.0009614168199537932 -0.09297166440331764 0.02620679932520257 0.27220015712566104
-0.031106489488639817 0.031969550062723076 0.001010965939689838 -0.09376680761157705 0.031553828634297405 0.3305514788821159
-0.010599110305445816 0.030765313170882824 0.0009728846254836676 -0.07089912412037615 0.049700903509484515 0.7304590554970289
-0.0309559931666666 0.029718974730984647 0.0009397964987490132 -0.0892051836393965 0.027293197306063305 0.29758610218000103
0.015551101332061383 0.030676116291546218 0.0009700639724948387 -0.0445740865993692 0.07567628926349196 0.6121934658832271
0.000965564452192768 0.030511912468110403 0.0009648713916691856 -0.05883778398530362 0.060768912889689164 0.9747547649475536
0.004347747201090793 0.030750946018829058 0.000972430296243869 -0.055924106995814155 0.06461960139799575 0.8875651690375006
-0.0341462873762159 0.030377674778538213 0.0009606264232003181 -0.09368652994215079 0.025393955189718993 0.26098815580251145
0.06673141960034375 0.030455640932360663 0.000963091929465138 0.007038363372916849 0.12642447582777064 0.02844440291369156
-0.015689019079651503 0.031204604223108584 0.0009867762282913214 -0.07685004335694433 0.045472005197641316 0.6151196738540718
0.007560753645676191 0.03140844561316984 0.0009932222590314053 -0.053999799756136696 0.06912130704748908 0.8097693577667864
-0.04885392306273062 0.029473079283373522 0.0009320206019418356 -0.10662115845814271 0.00891331233268148 0.09740270576802122
-0.00369295105792675 0.029458667583328414 0.0009315648639708587 -0.06143193952125044 0.05404603740539694 0.9002382179899278
0.00861399873711865 0.0313335265236268 0.000990853109399584 -0.05279971324918988 0.07002771072342719 0.7833829576608135
0.058814843766818406 0.030104666016273724 0.000951993128100926 -0.00019030162507809034 0.1178199891587149 0.05073923075901516
-0.02030304615310739 0.029434862896899373 0.00093081209368984 -0.07799537743103016 0.037389285124815375 0.4903439492017595
0.02365782047840902 0.03205404989831894 0.001013638059113765 -0.03916811732229611 0.08648375827911414 0.4604778299373019
-0.03684626887591839 0.030383566525315674 0.0009608127365924554 -0.0963980592655371 0.02270552151370033 0.22524305760786123
0.033575447199168086 0.031821194688947105 0.001006274530847261 -0.028794094391168236 0.09594498878950442 0.29136659102909057
0.008610998145926778 0.028746158579318247 0.0009090333509103569 -0.047731472669536985 0.06495346896139054 0.7645181363932317
-0.02265915543403892 0.029888227568257396 0.0009451487434112905 -0.08124008146782341 0.03592177059974558 0.448373292520467
0.01508191547631688 0.02882942021392168 0.0009116663149809123 -0.04142374814296962 0.07158757909560337 0.6008745967511835
-0.01736239144411552 0.029532005972048775 0.0009338840274536901 -0.07524512314933113 0.04052034026110008 0.5565874803603676
0.057735980670426845 0.029787364039993526 0.0009419591585897446 -0.0006472528479604667 0.11611921418881416 0.052590181693031826
-0.023428115823052403 0.029713880761287767 0.000939635413283273 -0.08166732211517642 0.03481109046907162 0.43042946981482355
-0.07832395032296033 0.030712014946022118 0.0009711991876256312 -0.13851949961716367 -0.01812840102875698 0.010763932057989745
0.006939736404520625 0.031196898104330628 0.0009865325394187402 -0.0542061838799674 0.06808565668900865 0.823963931128884
0.018845218507252317 0.03100724946547021 0.0009805353228792438 -0.0419289904450693 0.07961942745957393 0.5433412590894571
0.042907044233137424 0.0312159831229166 0.0009871360606979233 -0.01827628268777911 0.10409037115405395 0.1692797976419208
0.01836581140577763 0.0309990440123985 0.0009802758436698413 -0.042392314858523426 0.07912393767007869 0.5535400547267388
-0.030047075633781655 0.029805761116044053 0.0009425409252158145 -0.088466367421228 0.028372216153664687 0.31340826378669673
-0.01466227574460581 0.03072697029781471 0.000971672117374368 -0.07488713752832264 0.04556258603911102 0.6332344136785998
-0.04417790773414943 0.030774597064897435 0.0009731782079900854 -0.1044961179813484 0.016140302513049543 0.1511356594116909
-0.008757828952671107 0.028877603566067778 0.0009131900063617486 -0.06535793194216395 0.04784227403682173 0.7616809898603181
-0.0010247769807892038 0.030838470663383438 0.0009751980685257539 -0.06146817948102074 0.05941862551944233 0.9734907972327483
-0.026854139632848294 0.03008654113320656 0.0009514199689727615 -0.08582376025393315 0.032115480988236564 0.3720911301017612
0.011659962901061343 0.0311373761808516 0.0009846502909296602 -0.04936929441340779 0.07268922021553048 0.7080558752240507
0.011522167605856759 0.030496620551043723 0.0009643878187919746 -0.04825120867418894 0.07129554388590245 0.7055659125938728
-0.012965613063370362 0.03065591596178363 0.0009694251819794762 -0.07305120834846628 0.04711998222172556 0.67233903854196
-0.030092497680588134 0.030811225007292626 0.0009743364852298278 -0.09048249869488167 0.03029750333370541 0.32873096780776934
-0.04473972239300917 0.03073406901545473 0.0009718965985364567 -0.10497849766330045 0.0154990528772821 0.14547432696282167
0.003489586797139908 0.0312573293304596 0.0009884435425823823 -0.057774778690560906 0.06475395228484072 0.9111083842511785
0.010453527930863224 0.02926530708533372 0.0009254502681391822 -0.046906473956390866 0.06781352981811731 0.7209431029111686
0.07592759176525378 0.030061817730897923 0.0009506381463447219 0.01700642901269385 0.1348487545178137 0.011546302173833478
-0.0005520990893265739 0.03030035619127073 0.0009581813947880007 -0.059940797224217204 0.058836599045564056 0.9854626472754697
-0.04388209321992414 0.029604610447714546 0.0009361799825679511 -0.10190712969744464 0.014142943257596373 0.1382678628210328
0.053159680522698566 0.030164373365685712 0.0009538812402728599 -0.0059624912740454256 0.11228185231944256 0.07801299592525204
-0.01890845970946238 0.029522516192816536 0.0009335839342850296 -0.0767725914473828 0.03895567202845803 0.5218632614795387
0.006010999484650494 0.03146867435956437 0.0009951268592236391 -0.05566760226009568 0.06768960122939667 0.8485135760395268
-0.020391396910336753 0.030457098453192513 0.0009631380203207959 -0.08008730987859408 0.03930451605792057 0.5031688445143048
0.006500480506986686 0.030700942560562428 0.0009708490480537917 -0.053673366911715675 0.06667432792568904 0.8323133634267368
-0.06428811271640253 0.031454643190610476 0.0009946831547023494 -0.12593921336999905 -0.0026370120628059976 0.04096981237902308
-0.025033442585858816 0.030937684600937272 0.0009783354887087923 -0.08567130440369586 0.035604419231978233 0.4184248724796449
0.058882161503495546 0.030337374384680486 0.0009593520128483953 -0.0005790922904782073 0.1183434152974693 0.052269002158842434
-0.013172706069042405 0.02985957743451659 0.0009442427466323966 -0.07169747784069493 0.04535206570261011 0.6591006869740103
0.0006971992753729273 0.029688224491717576 0.0009388240908022223 -0.057491720728393515 0.05888611927913937 0.9812641739420723
-0.05042937977186149 0.030818424129098482 0.0009745641414504228 -0.11083349106489451 0.009974731521171537 0.10176872291991668
0.042924567423009465 0.030638831923353167 0.000968884937248735 -0.017127543146762743 0.10297667799278168 0.16121832951286408
0.04470895298773758 0.02986185743453683 0.0009443148465636884 -0.0138202875839546 0.10323819355942976 0.13434314147827423
0.026205976064345275 0.030408809435367893 0.0009616109874978132 -0.033395290428975793 0.08580724255766635 0.38880366469994454
0.00045914802529191357 0.031516995484866486 0.0009966549073742097 -0.061314163125046395 0.06223245917563022 0.9883766153244604
0.030894681160881548 0.031414929990715934 0.0009934273130539463 -0.030678581620921682 0.09246794394268477 0.32539120716411385
-0.012319099042693644 0.03048624913362168 0.0009640598457757945 -0.07207214734459214 0.04743394925920484 0.686148693864767
0.01166309128421048 0.030656165364793615 0.0009694330687951446 -0.048422992830785 0.07174917539920596 0.7036125389487318
0.008828365672735837 0.029353544942913853 0.0009282405941972499 -0.048704582415375314 0.06636131376084699 0.763597681261045
0.017910237598508526 0.029882645448631312 0.000944972221289391 -0.04065974748080885 0.0764802226778259 0.5489378598402916
0.00190058029792044 0.03012789140023077 0.000952727579229288 -0.05715008684653187 0.06095124744237274 0.9496998160269461
0.006394666565494594 0.029766802794506143 0.0009413089549170446 -0.05194826691173744 0.06473760004272663 0.8299034161644627
0.0052514570747618314 0.03036649225610247 0.0009602728007914893 -0.054266867747199014 0.06476978189672268 0.8627018021248003
-0.00044591404591124643 0.031728903313981476 0.0010033560213144608 -0.06263456454131494 0.06174273644949244 0.9887869991132424
