0.00033156729507659484 0.024345481242429856 0.0007698717145898426 -0.047385575940085925 0.04804871053023911 0.9891337433495476
0.03252381498962351 0.02488308992988665 0.0007868723940124132 -0.016247041272954323 0.08129467125220136 0.19119064981499456
0.012429521765289735 0.023447966492277466 0.0007414898061490575 -0.0335284925595741 0.05838753609015357 0.5960498512006313
0.015792628439474394 0.025013130708896297 0.0007909846445161442 -0.033233107749962354 0.06481836462891113 0.5277963243313479
-0.02372194407856362 0.024681637475586767 0.000780501908054227 -0.07209795353071369 0.024654065373586446 0.3364932876388539
0.005019113525529017 0.024710379576706718 0.0007814108130970064 -0.04341323044481615 0.05345145749587418 0.8390430988586834
0.014931889807141687 0.024513985636797853 0.0007752002914093437 -0.0331155220409821 0.06297930165526548 0.5424467707225464
-0.00030639459214295493 0.024841166961884337 0.0007855466733607965 -0.048995081837436255 0.04838229265315035 0.9901590244701703
-0.01928952452158075 0.024933399867175406 0.0007884633339201402 -0.06815898826124454 0.029579939218083048 0.43914254708620204
0.05126478038883787 0.02545074734836226 0.0008048232977431558 0.0013813155860478432 0.10114824519162789 0.04398076703261855
0.036913445651349436 0.02559435097385127 0.0008093644431111868 -0.013251482257399048 0.08707837356009793 0.1492319374670681
-0.04620326575864833 0.026153884078184683 0.0008270584334707689 -0.09746487855189032 0.005058347034593645 0.07729643193393983
-0.019329898643248876 0.025263374502923517 0.0007988980481106248 -0.06884611266897897 0.03018631538248122 0.4441910049091784
-0.012736771113568015 0.024945542979422437 0.0007888473328459773 -0.06163003535323599 0.036156493126099955 0.609643055740551
0.001589975136074955 0.025980453533293625 0.0008215740780937708 -0.04933171378918055 0.05251166406133046 0.9512008070425692
-0.031488256209035344 0.02459121253189814 0.0007776424202607418 -0.0796870327715557 0.01671052035348501 0.20038065660339033
0.04027134633395065 0.02400279259103431 0.0007590349479228289 -0.006774127144476595 0.0873168198123779 0.09339053531273801
-0.0022681711171438903 0.025558989457825598 0.00080824621378961 -0.05236379045448206 0.04782744822019428 0.9292864780548906
-0.0031567662110857956 0.02492059774014194 0.0007880584951169345 -0.052001137781764 0.04568760535959241 0.8991992377048621
-0.04115839392785705 0.02535232883701613 0.000801711031145387 -0.09084895844840866 0.008532170592694566 0.10449193191056944
0.034207251310292515 0.024173135299190414 0.0007644216573285752 -0.013172093876120693 0.08158659649670572 0.15704102706323736
-0.010277532670594237 0.02566624402879257 0.0008116379011268081 -0.06058337096702768 0.0400283056258392 0.688839872614655
-0.004338048751930582 0.025164236672936446 0.0007957630346601679 -0.053659952630886014 0.044983855127024845 0.8631313709407678
-0.04059957076457211 0.024834417689962765 0.0007853332426425966 -0.08927502943689913 0.00807588790775491 0.10208874548602007
0.004014422232199882 0.026539646498692226 0.0008392573123158038 -0.04800328490523688 0.05603212936963664 0.8797695722773117
-0.022514337790749607 0.025324310227995188 0.0008008250049316278 -0.07214998583762017 0.02712131025612096 0.3739813064603311
-0.01879595403113749 0.024257816797396563 0.0007670995214286441 -0.06634127495403475 0.028749366891759772 0.4384335456765035
-0.033453955044403745 0.026147171335059755 0.0008268461578945448 -0.08470241086112086 0.01779450077231337 0.20073921927017502
0.005917949221374215 0.025515776402801497 0.0008068796970043066 -0.04409297252811672 0.05592887097086515 0.8165900939942484
0.005222186620099883 0.023434800496970783 0.0007410734608207354 -0.04071002235396285 0.05115439559416262 0.8236608429570428
-0.00047759637590477405 0.025245010306336475 0.0007983173212244833 -0.04995781657632427 0.049002623824514716 0.9849061640257032
-0.01418259610995649 0.02571999833025542 0.0008133377613933474 -0.06459379283725712 0.036228600617344134 0.5813438049326629
-0.08206532447506311 0.02488893395384009 0.0007870571982763477 -0.13084763502458968 -0.033283013925536536 0.0009763254337781638
-0.011046218764339448 0.025256114745502156 0.0007986684744235067 -0.06054820366552367 0.038455766136844774 0.6618444193243582
-0.02483258764318565 0.02412451177974872 0.000762884046635683 -0.07211663073149314 0.02245145544512184 0.30331481809001926
-0.008457622659381575 0.02479155774838418 0.0007839778922848958 -0.05704907584621457 0.04013383052745142 0.7329911862198519
0.06561116135014358 0.02551922456696183 0.0008069887375292349 0.01559348119889839 0.11562884150138877 0.0101391157396161
0.049786750133724765 0.024353140987512557 0.0007701139369974187 0.002054593798200152 0.09751890646924938 0.040917335830703776
-0.007617315959574827 0.02316926854356588 0.0007326766031776035 -0.053029082304963955 0.0377944503858143 0.7423309907046125
-0.05798559553543465 0.024131043157689068 0.0007630905869411916 -0.10528244012450522 -0.010688750946364074 0.016263585324959976
-0.0445487920446201 0.024791649705793554 0.0007839808002335093 -0.09314042546797546 0.004042841378735264 0.07234716276385336
0.048250879744088246 0.02356283052278003 0.0007451221257252091 0.002067731919439389 0.0944340275687371 0.04058411267514394
0.026242857380015663 0.024108657813322245 0.0007623827001971279 -0.021010111934095934 0.07349582669412726 0.2763637605988538
-0.02752380322428249 0.024642226489297515 0.00077925562323915 -0.07582256714330562 0.02077496069474064 0.2640214592348642
0.010923023424851935 0.024512845362148955 0.0007751642327588571 -0.037122153484960015 0.058968200334663885 0.655883277053288
-0.029945616275993982 0.02497225569071247 0.0007896920629475272 -0.07889123742979041 0.019000004877802453 0.23046750998113164
-0.018679041160854705 0.024905000462650546 0.0007875652658952297 -0.06749284206764977 0.030134759745940362 0.45324767206504124
-0.011382677534515204 0.02367363321100936 0.0007486260143819511 -0.057782998628093545 0.03501764355906314 0.6306467999836992
0.0036167758574564748 0.02516500769498667 0.000795787416518217 -0.04570663922471739 0.052940190939630344 0.8857196647637259
0.03367035234144955 0.025129922861679827 0.0007946779366724475 -0.015584296467442908 0.08292500115034201 0.18029379032638004
-0.018912134515368027 0.02551018672376809 0.0008067029358329582 -0.06891210049395348 0.03108783146321743 0.4584775079570227
0.018326884556858627 0.02653985478152466 0.0008392638987972837 -0.03369123081492971 0.07034499992864696 0.4898534034730362
0.03513950776786323 0.024215350915093237 0.0007657566323193727 -0.01232258002571951 0.08260159556144597 0.146744979549232
-0.042039438254985045 0.026006534405097606 0.0008223988276764052 -0.09301224568897636 0.008933369179006265 0.10598728852767945
-0.0037439412953863462 0.02486229111252263 0.0007862146776573315 -0.0524740318759307 0.044986149285158004 0.8803014070378172
0.058336490903751224 0.024458467264962896 0.0007734446463395177 0.01039789506442395 0.1062750867430785 0.017073339569813276
-0.03189527319576494 0.025476674401050788 0.0008056431831382654 -0.08182955502182448 0.018039008630294603 0.21059165000459779
-0.007744839152554757 0.024008494101916914 0.0007592152455277616 -0.05480148759231191 0.0393118092872024 0.7470076912074958
0.009778728422640432 0.023975879540958984 0.000758183882552627 -0.03721399547763918 0.05677145232292004 0.6833787209119749
-0.013600310048988179 0.026207603050692942 0.0008287571765376696 -0.06496721202834635 0.037766591930369985 0.6037989499727969
0.002942385753265928 0.02539429169850388 0.0008030380133397815 -0.04683042597580168 0.05271519748233353 0.9077571583018567
0.04175665449744347 0.025263095983148246 0.0007988892405419923 -0.007759013629527092 0.09127232262441404 0.09835699319654094
-0.01643243423887553 0.02522374235286735 0.0007976447694831542 -0.06587096925049553 0.033006100772744476 0.5147451115981927
-0.047090835253808735 0.02540117830679408 0.0008032557870152858 -0.09687714473512513 0.002695474227507662 0.06375577315120537
0.008353921013336206 0.024496242329961667 0.0007746391987810879 -0.03965871395338866 0.05636655598006107 0.7330819963539909
0.01001580675117917 0.025747729092886206 0.000814214685105015 -0.040449742270877796 0.060481355773236135 0.6972778663611541
0.004480157504411796 0.024113530080860292 0.0007625367748250271 -0.04278236145407437 0.051742676462897964 0.8526060400941462
-0.03521753669171223 0.025981281391135154 0.0008216002572573513 -0.08614084821833713 0.015705774834912672 0.17525941437250092
-0.01577391633514676 0.026244393688531972 0.0008299205986590867 -0.06721292796466942 0.035665095294375906 0.5478137011522193
0.004749593477744894 0.02393735832810115 0.0007569657348439977 -0.04216762884533336 0.05166681580082315 0.8427183389664386
-0.023791632678951076 0.02387335997143898 0.0007549419291083951 -0.07058341822297148 0.023000152865069325 0.3189700532081091
-0.01667767382908097 0.02523755947914792 0.0007980817053808018 -0.06614329040821089 0.032787942750048954 0.5087229322795215
0.02116901005489926 0.02339465850718719 0.0007398040596454618 -0.024684520619187633 0.06702254072898615 0.3655368571065002
-0.008680696660038284 0.02454471724729654 0.0007761721102627538 -0.0567883424647395 0.03942694914466294 0.723587230483058
-0.010243860504772023 0.02462276954407377 0.0007786403406069884 -0.058504488811156614 0.03801676780161257 0.6773865741931702
0.023461738265243993 0.024653342405878315 0.0007796071393859076 -0.024858812850277506 0.07178228938076549 0.34126659303535956
-0.04056554117750899 0.023929199069486786 0.0007567077164316004 -0.0874667713537031 0.006335688998685113 0.0900314410452245
-0.011181497092096825 0.02517030594588419 0.0007959549619227291 -0.060515296746029845 0.03815230256183619 0.656873659935907
-0.003837944770254169 0.02519013814715402 0.0007965821111930045 -0.053210615538676044 0.045534725998167706 0.8789037767084253
-0.01251714307809432 0.024413488433725455 0.0007720222908074913 -0.06036758040819622 0.03533329425200757 0.6081512297647903
0.017944768307704525 0.02510479701220907 0.0007938833875477062 -0.03126063383622525 0.0671501704516343 0.4747360962473536
-0.022537428241164413 0.02410575259229256 0.0007622908290415276 -0.06978470332205783 0.024709846839729002 0.34981930884315404
-0.014714768908260567 0.0239869939322498 0.0007585353504654802 -0.06172927701547017 0.03229973919894904 0.5395802812366157
0.03776435656529769 0.025225194173593705 0.0007976906800856494 -0.01167702401494597 0.08720573714554135 0.1343701444451607
0.015555850495722405 0.024283108335947268 0.000767899310102146 -0.03203904184273424 0.06315074283417905 0.5217801562854121
0.05432627145741244 0.02575126644073012 0.0008143265458656456 0.0038537892335814006 0.10479875368124347 0.03488813859512662
-0.008022205651463755 0.023752870774829234 0.0007511317261610888 -0.05457783237012905 0.03853342106720154 0.7355619499646466
0.022091956833591952 0.02457524824842889 0.0007771375852909878 -0.026075529733328672 0.07025944340051257 0.3686784826220677
-0.03033606543118367 0.025223340354802115 0.0007976320571881429 -0.07977381252659582 0.019101681664228477 0.22909314011598392
0.0102666548416998 0.025917628635658618 0.0008195873803908352 -0.04053189728419109 0.06106520696759069 0.6920118429141264
-0.020336843351695253 0.024544463869629104 0.0007761640977573805 -0.0684439925361683 0.02777030583277779 0.40734691805056766
-0.011159815678273921 0.024298775553361816 0.0007683947510184162 -0.05878541576286308 0.03646578440631524 0.6460368300713706
0.009186697090978664 0.024949145413448313 0.0007889612518123998 -0.03971362791938003 0.05808702210133736 0.7127115066082726
0.015530851030436823 0.024818621382024772 0.0007848337195255421 -0.03311364687833173 0.06417534893920537 0.5314631071040418
0.04393819967433347 0.023704191705211746 0.0007495923588173971 -0.0025220160678815565 0.0903984154165485 0.06379574364317561
0.03039034800872181 0.025331264931520665 0.0008010449319675449 -0.019258931257058697 0.08003962727450231 0.2302492862219203
0.005385465463751887 0.02593885461253472 0.0008202586047157407 -0.04545468957681617 0.05622562050431994 0.8355244686027742
0.04470322554166812 0.025832771475706135 0.0008169039613786046 -0.005929006550715904 0.09533545763405214 0.08354364514553686
-0.015296286838808631 0.024649955761435183 0.0007795000442852531 -0.0636102001312216 0.03301762645360433 0.5349022399264239
-0.02327604944872053 0.02605895926773959 0.0008240566473961065 -0.07435160961349013 0.02779951071604907 0.3717462352551383
