-0.000869517751945839 0.0032862305582329705 0.00010391973480462785 -0.0073105296460824615 0.005571494142190783 0.7913220402845125
0.00428450903893133 0.0036936656333578974 0.00011680396316499367 -0.0029550756024501485 0.011524093680312809 0.2460645795162778
-0.0003054117778594593 0.0034559595493279323 0.000109287036772853 -0.007079092494542206 0.0064682689388232874 0.9295806192886574
0.002384481625028419 0.0033887400409947925 0.0001071613692775591 -0.004257448855321373 0.009026412105378212 0.48165174042734216
-0.004313354578642999 0.003403611095218293 0.00010763163330310038 -0.010984432325270854 0.002357723167984855 0.20505242623527542
0.001899354344975715 0.0038464816995873296 0.00012163643148851512 -0.005639749786215452 0.00943845847616688 0.6214544693056593
0.001803622263324511 0.0037891535118480054 0.00011982355501465508 -0.005623118619897579 0.009230363146546601 0.6340771621231298
-0.0035997583721563624 0.0035191473482592004 0.00011128521042240861 -0.010497287174744395 0.00329777043043167 0.3063520995686282
-0.003938931224903885 0.0036955277571310763 0.00011686284868907759 -0.011182165628880796 0.0033043031790730244 0.2864849745584448
0.003120303351192926 0.003430080852779979 0.0001084686805331743 -0.003602655120255833 0.009843261822641685 0.36298708057160356
0.0027285599426393474 0.003628908204718955 0.00011475615346584491 -0.004384100138609804 0.009841220023888498 0.45211387243404355
-0.009125624134168958 0.0034599794282112887 0.00010941415650474721 -0.015907183813463083 -0.002344064454874832 0.008352472206961713
-0.0012804253170791999 0.0035598136662723743 0.00011257119231215224 -0.008257660102973054 0.0056968094688146535 0.7190798241781093
-0.0042164375085682985 0.0037735853947255113 0.0001193312479247816 -0.011612664882230301 0.003179789865093703 0.26384222795200685
-0.002312852717759556 0.0036112833768786722 0.00011419880747240851 -0.009390968136441753 0.004765262700922642 0.5218789554188172
-0.003305955496094092 0.003473159161221972 0.00010983093625741389 -0.010113347452089156 0.0035014364599009725 0.3411688325406995
0.0028590246321177695 0.0038696438837940994 0.00012236888406529285 -0.004725477380118665 0.010443526644354204 0.4600077777358088
-0.0006228829722008492 0.0036824227312732554 0.00011644843138401643 -0.00784043152549643 0.006594665581094731 0.8656784078830225
-0.0014692023631686728 0.00367879503514945 0.00011633371355991454 -0.008679640632061595 0.00574123590572425 0.689620197077796
-0.003459716054429461 0.0036007514659925337 0.00011386575920726732 -0.010517188927774828 0.003597756818915905 0.3366368105217017
0.002893133742832795 0.003417063731374991 0.00010805704301098739 -0.0038043111706621874 0.009590578656327777 0.3971777152970726
-0.004026996763915544 0.003543024398229402 0.00011204026903952353 -0.01097132458444517 0.002917331056614083 0.25570610280158323
-0.004401073483849374 0.003384597538604239 0.00010703037184989069 -0.011034884659513682 0.0022327376918149346 0.193489938212124
-0.006175504673511824 0.0035031562893345627 0.00011077952873841043 -0.013041691000607567 0.000690681653583919 0.07792744808242998
0.0007984121193382854 0.003698931661944552 0.00011697048961056753 -0.006451493938073037 0.008048318176749607 0.8291051529628726
-0.002657231729223309 0.0035660421878237645 0.00011276815545773062 -0.009646674417357887 0.004332210958911269 0.4561818263553814
-0.004398315823702391 0.003324590160402486 0.00010513277193456391 -0.010914512538091264 0.002117880890686482 0.18584707726299388
-0.006015334867393557 0.0036960604334180308 0.00011687969339230096 -0.013259613316892897 0.0012289435821057834 0.10363114887439906
-0.000993160638218895 0.0035250730964096855 0.00011147259903236925 -0.007902303907181878 0.005915982630744088 0.7781414572291454
-0.0009103736514391821 0.003457631917998247 0.00010933992171371003 -0.007687332210715746 0.005866584907837382 0.792324003240958
-0.002652199278333162 0.0034933708251796186 0.00011047008519149485 -0.009499206095685215 0.00419480753901889 0.44772742198416615
-0.004892109340596338 0.0035624543080667224 0.00011265469673769997 -0.011874519784407114 0.002090301103214438 0.16967734823966385
-0.006969924758996014 0.003293218686755195 0.00010414071883175001 -0.013424633385036196 -0.0005152161329558319 0.034306758036956445
-0.00173833837954422 0.0034904181218619 0.00011037671251410759 -0.008579557898393543 0.005102881139305104 0.6184617983603791
-0.004859955483905711 0.0034950223989269093 0.00011052231253914663 -0.011710199385802453 0.0019902884179910313 0.16436608703313993
-0.0031942416938507416 0.0036843565674527187 0.00011650958465350385 -0.010415580566058071 0.004027097178356587 0.3859562046043291
0.00463471479300103 0.003755219609209925 0.00011875047079230777 -0.0027255156410504223 0.011994945227052483 0.2171261303980344
0.0029371287068571702 0.003501661544333064 0.00011073226075115156 -0.003926127920035634 0.009800385333749976 0.40159196856610135
-0.0016804132707033985 0.0036009258043625163 0.00011387127227059437 -0.008738227847253931 0.005377401305847134 0.6407421119987321
-0.0074718671653199115 0.0036500039415393003 0.0001154232592385626 -0.01462587489073694 -0.0003178594399028834 0.040649770513706315
-0.005743778579806972 0.00361122034766947 0.00011419681431380653 -0.012821770461239133 0.0013342133016251891 0.11171387464831953
0.005081348501266492 0.0035486063696500737 0.00011221678647475643 -0.0018739199832476525 0.012036616985780638 0.1521644538205644
0.0013548217080625942 0.003491545512814836 0.00011041236374635504 -0.005488607497054484 0.008198250913179673 0.6979944044848734
-0.00491791310594091 0.003594712619342777 0.00011367479410873024 -0.011963549839852754 0.002127723627970933 0.1712819284679763
0.0002726702334536593 0.0036726058431888445 0.00011613799412519937 -0.006925637219196476 0.007470977686103795 0.9408159570473664
-0.005861491234300313 0.0034161331392287097 0.00010802761510343825 -0.012557112187188583 0.0008341297185879585 0.0861938309976427
-0.003803128706569889 0.003217977410915126 0.00010176138077463385 -0.010110364431963536 0.0025041070188237574 0.23726989795733233
-0.003360374978491892 0.003645752673077748 0.00011528882232572916 -0.010506050217724279 0.0037853002607404944 0.35667295333927207
0.0015191736846640101 0.003274476789028574 0.00010354804798684947 -0.004898800821831995 0.007937148191160015 0.6426879058873447
0.004003547026984917 0.0034546717995627275 0.00010924631454970906 -0.0027676097001580295 0.010774703754127863 0.24650545959598746
-0.002680611068625172 0.0034624173158553963 0.00010949124928109684 -0.009466949007701748 0.004105726870451405 0.43881123342085215
-0.0002245448517434945 0.0035473428756656144 0.00011217683128674829 -0.007177336888048099 0.00672824718456111 0.9495280540033022
0.0034805762182332136 0.003456313858052751 0.00010929824099850598 -0.0032937989435501787 0.010254951380016607 0.3139252971107944
-0.005516944592893339 0.0034390045102471066 0.00010875087135972724 -0.012257393432977668 0.0012235042471909902 0.10866398017984981
-0.0015332373881192902 0.003403850185027797 0.00010763919398673407 -0.008204783750773771 0.0051383089745351915 0.6523917022555377
0.0054142680127788525 0.0035953660794508092 0.00011369545833174464 -0.0016326495029447335 0.01246118552850244 0.13209240141602413
-0.005222472746482921 0.003615304233319849 0.00011432595811739528 -0.012308469043789825 0.0018635235508239825 0.1485854906634566
0.0005816414090281073 0.0037093058494815007 0.00011729855022547243 -0.006688598055955634 0.007851880874011848 0.8753977448881656
-0.001133593527697218 0.0036537369812933125 0.00011554130832074895 -0.008294918011032111 0.006027730955637674 0.756366349201845
0.0005269086231875813 0.0036395068210434115 0.00011509131114216016 -0.006606524746057506 0.0076603419924326675 0.8848887332680377
-0.00044011826224933426 0.0036874447152322283 0.00011660724046084827 -0.007667509904104502 0.006787273379605834 0.9049934025621029
0.003244634874432428 0.0035461798570448457 0.00011214005340872012 -0.003705877645375469 0.010195147394240326 0.36020934997779197
-0.0036062133016610595 0.003505009533277636 0.00011083813345761066 -0.010476031986885227 0.0032636053835631068 0.3035388709867254
-0.006335231245051824 0.0037429100887900165 0.00011836120957799515 -0.013671335019080256 0.001000872528976609 0.09053256598781989
-0.003098684700050216 0.0035775350435283955 0.00011313159146619355 -0.010110653385365872 0.003913283985265439 0.38640749148795417
-0.0019718810593073515 0.003739794224432772 0.00011826267729550486 -0.009301877739195585 0.005358115620580882 0.5980061490260287
-0.0012741218261027108 0.0033892328278717016 0.00010717695256687985 -0.007917018168731246 0.005368774516525824 0.7069672853105946
-0.005704619059007338 0.0034531088910527167 0.00010919689104304812 -0.012472712485470664 0.0010634743674559867 0.09852964091429497
-0.004079236733293567 0.0036101874783969596 0.00011416415211954319 -0.011155204190951607 0.0029967307243644733 0.25850833679283536
-0.00032049051995970484 0.0036480788740539745 0.00011536238325953099 -0.007470725113105495 0.006829744073186084 0.9299944175624966
-0.003812280898033501 0.0034730951299522996 0.00010982891141087752 -0.010619547352740007 0.0029949855566730062 0.2723525676696764
-0.0028409159099304407 0.0034084779382470226 0.00010778553639295337 -0.009521532668894606 0.0038397008490337237 0.4045711423250389
-0.003770741245231071 0.0036256086773759915 0.00011465181324978723 -0.010876934252888014 0.003335451762425872 0.29832603321489626
-0.001405564607204161 0.003414148753273127 0.00010796486330967334 -0.00809729616361949 0.005286166949211168 0.6805680066993253
-0.0022412908555304112 0.0035158572119793246 0.000111181167177841 -0.009132370991009886 0.0046497892799490645 0.5238118258385338
0.0011180357491285078 0.0035230603306587033 0.00011140894979067441 -0.00578716249896255 0.008023233997219567 0.7509796456797982
-0.00910920827761295 0.003407969917578236 0.00010776947136883529 -0.015788829316066292 -0.0024295872391596083 0.007519567158445877
-0.004418819996093667 0.0035902761635716735 0.00011353450105897738 -0.011455761276694147 0.0026181212845068132 0.2184072522053051
-0.0004975364356800998 0.0035662417337514727 0.00011277446565402432 -0.007487370233832986 0.006492297362472787 0.8890449273101676
-0.0010627120818496381 0.0033200625190415705 0.00010498959534327513 -0.007570034619171117 0.00544461045547184 0.7489016426108404
0.0020536207112233 0.0036047620630439326 0.00011399258542186307 -0.005011712932342808 0.009118954354789408 0.5688834927352164
-0.003941292965939117 0.0034689074327163096 0.00010969648479670831 -0.010740351534063084 0.0028577656021848497 0.2558824791891431
-0.0002899873676968313 0.0037916131732092444 0.00011990133633639733 -0.00772154918718695 0.007141574451793287 0.9390362195551143
0.0027608178903187727 0.003412336521684353 0.00010790755551499102 -0.0039273616921825585 0.009448997472820105 0.4184750887041848
-0.001504912348344233 0.0035540675811604654 0.00011238948514632409 -0.008470884807418744 0.005461060110730279 0.6719787872433333
0.0029613733329265646 0.0034880414906118874 0.00011030155683502385 -0.0038751879886727344 0.009797934654525864 0.3958771274165671
-0.0020533605762003936 0.003504224390135575 0.00011081330505142893 -0.008921640380866121 0.004814919228465333 0.5578975525753513
0.0004914227780725528 0.003633038688402001 0.00011488677082861078 -0.006629333051195369 0.007612178607340475 0.8924024002110018
-0.0023575359257282788 0.0036216896197099635 0.0001145278817647253 -0.009456047580359807 0.004740975728903249 0.5150792862973914
0.0008589966423432671 0.0035878312574908144 0.00011345718634017027 -0.006173152622338729 0.007891145907025263 0.8107803374885171
-0.003784220369152631 0.0034164058374679253 0.00010803623857893663 -0.010480375810589764 0.002911935072284502 0.2680081392850968
-0.0036337147001479354 0.0035489902515188614 0.00011222892588533453 -0.010589735593124905 0.0033223061928290333 0.30589534388454787
0.0014449583470881385 0.003406452393886437 0.00010772148305614177 -0.005231688344929278 0.008121605039105554 0.6714325394883843
-0.000582514402214547 0.0037796233617993498 0.00011952218520868592 -0.007990576191341272 0.006825547386912179 0.8775153589295916
0.005566985436866651 0.003310511791835633 0.00010468757483045814 -0.0009216176751311892 0.012055588548864491 0.09264474209490463
0.001585142852079095 0.0034352314623973196 0.00010863155711046597 -0.005147910814219651 0.00831819651837784 0.6444851210606484
0.00036506194266936414 0.003546975584240317 0.00011216521651205841 -0.006587010202441657 0.007317134087780386 0.9180248497407439
0.005256044611507776 0.0033595650512599842 0.00010623877509481885 -0.0013287028889617924 0.011840792111977345 0.11769983753104098
-0.0033305908954265914 0.003384924143229137 0.00010704069999498092 -0.0099650422161557 0.003303860425302517 0.3251408552959617
-0.0038450400196952277 0.0038232014868418386 0.00012090024652162478 -0.011338514933905232 0.003648434894514776 0.3145540779353738
