0.01170033737778579 0.03095199613784822 0.000978788059243354 -0.04896557505239672 0.0723662498079683 0.7054190055508742
-0.024383485574518256 0.030826218264154506 0.0009748106136421027 -0.08480287337226108 0.03603590222322457 0.4289449961594267
-0.013461781514045318 0.030654429295081123 0.0009693781694504616 -0.07354446293240431 0.04662089990431368 0.6605554778754796
-0.030292663232619674 0.029457182613757727 0.0009315179051098645 -0.08802874115558482 0.02744341469034547 0.3037793210337596
0.01087222823887116 0.031230888147363262 0.0009876073989562428 -0.05034031252996084 0.07208476900770315 0.7277469038171425
-0.042159418977082724 0.030114200010132992 0.0009522946194588594 -0.10118325099694339 0.016864413042777943 0.16151790305931746
-0.03992761168060473 0.02945758086813118 0.0009315304990189468 -0.09766447018214183 0.017809246820932385 0.17528143088509496
-0.023312028275691017 0.030082272347656234 0.000951284978120943 -0.08227328207709723 0.0356492255257152 0.4383736974215139
0.017292512453195123 0.02878873255903676 0.00091037965836004 -0.03913340336251692 0.07371842826890718 0.5480601637443523
-0.018849091238414564 0.0309616510589118 0.0009790933746552542 -0.07953392731388169 0.04183574483705256 0.5426647627785202
-0.006535340084546299 0.03189217339032045 0.0010085190744642681 -0.06904399992957438 0.05597331976048178 0.8376347291668038
0.07436330784395351 0.03055459755239896 0.0009662212125538667 0.014476296641251551 0.13425031904665546 0.014941885403958301
0.03687463048849974 0.0313575787507664 0.0009916137076051927 -0.024586223863002396 0.09833548484000187 0.2396188616976963
0.0220306223705298 0.03065748171652466 0.0009694746954918647 -0.03805804179385853 0.08211928653491812 0.4723842770689398
0.01540038407649569 0.031163945791090882 0.0009854904957786509 -0.04568094967404244 0.07648171782703382 0.621183927157336
0.02634388709845662 0.029323150988610113 0.000927279452970261 -0.031129488839219198 0.08381726303613243 0.3689729135230392
-0.0037683056706490805 0.029684984925625282 0.0009387216467273993 -0.061950876124874626 0.05441426478357647 0.8989853894112214
0.008893154327329959 0.030813629611446368 0.0009744125254897971 -0.05150155971110493 0.06928786836576484 0.7728790302999934
-0.01664971299063781 0.030371234329308154 0.0009604227583131015 -0.07617733227608178 0.04287790629480617 0.5835500082630298
0.011254824439256945 0.030998666652612944 0.0009802639105056443 -0.049502562199864424 0.07201221107837831 0.71654925583322
-0.024827626691362976 0.030709956972920276 0.0009711341088019794 -0.08501914235828671 0.03536388897556077 0.41882854323263574
0.004488883094666988 0.029953373942171815 0.0009472088526399959 -0.05421972983198977 0.06319749602132374 0.8808732142942677
0.0015327175026438884 0.03066282602464066 0.0009696436973535076 -0.058566421505651806 0.06163185651093958 0.9601334023130584
0.02470917719546013 0.030375608091478868 0.0009605610688171349 -0.034827014663838446 0.08424536905475871 0.4159574834648535
8.070402534616583e-05 0.029739174694905675 0.00094043527769545 -0.058208078376668956 0.05836948642736128 0.9978347611376387
0.02488528435770652 0.030791699679299556 0.0009737190401446284 -0.035466447013720606 0.08523701572913366 0.4189860625461572
0.04199283502949911 0.030672816977704097 0.0009699596390302706 -0.01812588624680092 0.10211155630579914 0.17098145572586565
0.03391838898924407 0.030867478868355665 0.0009761153885112064 -0.026581869592733037 0.09441864757122118 0.27183830648871954
0.01105318169415881 0.03046831844415084 0.0009634928275883439 -0.04866472245637683 0.07077108584469445 0.7167720498205512
0.011794463343074716 0.030445535072984406 0.0009627723541317146 -0.04787878539997471 0.07146771208612415 0.6984634332379538
0.0027853598216081104 0.029767601697705807 0.000941334218454454 -0.05555913950589527 0.06112985914911149 0.9254505993013236
0.03670072242572494 0.029822278877329633 0.0009430632626909084 -0.021750944173841137 0.09515238902529102 0.21845461257453147
0.06068807607179531 0.030508957601852054 0.00096477795059361 0.0008905191721652883 0.12048563297142534 0.046680370160563076
0.024996987034352686 0.02968185431285991 0.0009386226480592936 -0.03317944741885273 0.0831734214875581 0.39969620155104657
0.009861182024528415 0.030921494459301088 0.0009778235114766816 -0.05074494711570171 0.07046731116475854 0.7497945593091684
-0.03735169807172449 0.02930358460924039 0.0009266607097265484 -0.09478672390583565 0.020083327762386673 0.2024345539742337
-0.016568142032179017 0.030889380261991957 0.0009768079713894325 -0.07711132734568325 0.04397504328132522 0.5917027457777919
-0.07761604012373294 0.030222009618372347 0.0009557038586157277 -0.13685117897574273 -0.018380901271723135 0.010222937540015365
-0.02440739046812264 0.02963742857291199 0.000937217782809556 -0.08249675047103014 0.03368196953478486 0.41020515079463615
0.06422239066762502 0.02987295433575014 0.000944665761391728 0.005671400169554745 0.12277338116569528 0.03156702929246681
0.025536511554159657 0.029544422678804996 0.0009342766781975706 -0.03237055689629813 0.08344358000461745 0.3873995579391869
-0.056753687598643576 0.030121133296131024 0.0009525138692130908 -0.11579110885906038 0.0022837336617732296 0.059540404451894124
-0.02432207835391581 0.0314992401107687 0.000996093433145636 -0.08606058897102245 0.03741643226319084 0.44002671743128685
0.034135790491819695 0.03019279333396448 0.0009547799585807664 -0.025042084442750683 0.09331366542639008 0.2582260209426184
0.011540207588470007 0.029519435904238677 0.0009334865270074634 -0.0463178867838378 0.06939830196077781 0.6958446083772685
0.05009717489980034 0.03014238772584183 0.0009531859932956318 -0.008981905042849646 0.10917625484245033 0.09650927228692772
0.05892553323110732 0.03038718462386469 0.0009609271509145938 -0.0006333486316674672 0.1184844150938821 0.05248217786593088
0.02932880157043232 0.030072908399580392 0.0009509888640828308 -0.029614098892745244 0.08827170203360989 0.3294330063184141
-0.03235875334211473 0.0294992026683436 0.0009328466959088241 -0.09017719057206819 0.02545968388783873 0.2726691336255336
0.00357573779484922 0.030612993646827114 0.0009680678592023791 -0.05642572975293192 0.06357720534263037 0.907014916111713
0.023008734623185267 0.030661135553257373 0.0009695902399546023 -0.03708709106119919 0.08310456030756971 0.4530016854466937
-0.02004251772989598 0.030155353250426408 0.0009535959991830936 -0.07914701010073175 0.03906197464093978 0.5062794261914543
-0.06298408398263373 0.030533373899748903 0.0009655500617274423 -0.12282949682614158 -0.003138671139125887 0.039132131182076715
0.02664307834858815 0.030760984083486487 0.0009727477277200441 -0.03364845045504536 0.08693460715222166 0.3864176772118635
0.01885896709556595 0.030572724507219665 0.0009667944371966307 -0.04106357293858459 0.07878150712971649 0.5373297423473503
-0.0302046952742757 0.027724772069526286 0.0008767342734872322 -0.08454524853054722 0.024135857981995818 0.27595640915603115
0.028319094086783316 0.03056779198184144 0.0009666384570485129 -0.031593778197625905 0.08823196637119253 0.35421959296187544
-0.021417191042651954 0.029488067845198328 0.0009324945818840019 -0.07921380401924068 0.03637942193393677 0.4676547262505727
-0.02197245931057913 0.03095074454009113 0.0009787484802470862 -0.08263591860915775 0.038690999987999485 0.4777556157403672
-0.012979899404832837 0.03162290584338611 0.00100000408698148 -0.0749607948578696 0.04900099604820394 0.6814694338112002
-0.002666380864734583 0.030564207145005996 0.0009665250945541122 -0.06257222686894634 0.05723946513947717 0.9304818001170747
-0.04408384333163095 0.02984141000650878 0.0009436682421150785 -0.10257300694438815 0.014405320281126253 0.13960306468323705
0.051967347794249816 0.032012966436568834 0.0010123388859808176 -0.010778066421425092 0.11471276200992472 0.10452062175108336
0.046507396193396645 0.03126350732612547 0.0009886389079591703 -0.014769078165809274 0.10778387055260256 0.13685807880041453
0.019625235334284112 0.029974143026568686 0.0009478656287560997 -0.03912408499779051 0.07837455566635873 0.5126359203570713
0.01633018215760441 0.03192196686234138 0.0010094612267741744 -0.0462368728925847 0.07889723720779353 0.6089550216435491
-0.018290085057054022 0.02967472471915357 0.0009383971905102572 -0.07645254550659501 0.039872375392486975 0.5376620229435567
0.03101567639225177 0.03086405123433796 0.0009760069972063922 -0.029477864027050625 0.09150921681155416 0.3149388989551155
0.02061777460769392 0.030202765946985375 0.0009550953202944612 -0.038579646648397414 0.07981519586378526 0.49483103574089315
-0.009799867884974176 0.030074848361884274 0.0009510502110773822 -0.06874657067426736 0.049146834904319 0.7445383866447317
0.025399563770025658 0.029426931257153986 0.0009305612732180865 -0.03227722149399616 0.08307634903404747 0.38806045425548963
0.047617071601526555 0.030628101830586642 0.0009685456219222638 -0.01241400798642326 0.10764815118947638 0.12002094454864348
0.015428925021517065 0.030033078103758926 0.0009497293195360897 -0.04343590806185042 0.07429375810488456 0.6074400338248978
0.016097813165659496 0.03029115458203299 0.0009578904143546996 -0.043272849815125164 0.07546847614644416 0.5951166084183028
-0.033032273064267315 0.028772746871889396 0.0009098741465465546 -0.08942685693317053 0.023362310804635897 0.2509519259366676
-0.0379645091350747 0.02812860834819744 0.0008895046979113054 -0.09309658149754169 0.017167563227392275 0.17711991649953485
0.07805070618218819 0.030217712198797153 0.0009555679622765376 0.018823990272545776 0.1372774220918306 0.009796077344813107
-0.028099436600460236 0.029763341758039543 0.0009411995073340511 -0.08643558644621774 0.030236713245297267 0.34512085587133956
-0.006664862873712935 0.030644245413385778 0.0009690561268346717 -0.06672758388394906 0.05339785813652319 0.8278253311904966
0.002887697619391713 0.031121416887357405 0.0009841456137567727 -0.0581102794798288 0.06388567471861223 0.9260718928680631
-0.07045905158807562 0.030793721206984474 0.0009737829664630027 -0.13081474515376518 -0.010103358022386058 0.022131815299709038
0.030439521804439186 0.030850661052564628 0.0009755835624795183 -0.030027773858587486 0.09090681746746586 0.32380285103644557
-0.03429666723817736 0.029243107517449497 0.0009247482561633254 -0.09161315797237837 0.023019823496023648 0.24087120727948574
-0.02846970139127006 0.03128377152598329 0.000989279718224286 -0.0897858935821973 0.03284649079965718 0.36279774107866625
-0.009551797672541384 0.03068753242822316 0.0009704249824346279 -0.06969936123185877 0.05059576588677601 0.7556030642370906
-0.03801728937173019 0.030658041435438384 0.0009694923953580332 -0.09810705058518943 0.022072471841729037 0.21495949363438505
-0.009857758758041383 0.030564793561357998 0.0009665436386674072 -0.06976475413830306 0.05004923662222029 0.7470587506238251
0.01684341750098437 0.030512994608830255 0.0009649056119634212 -0.04296205193232293 0.07664888693429167 0.5809428638499959
-0.012849507566220676 0.02882478050941161 0.0009115195946416926 -0.06934607736466743 0.04364706223222608 0.6557562475326582
-0.052519839826964995 0.030587415619031926 0.0009672590109435002 -0.11247117444026758 0.007431494786337582 0.0859717220632611
0.011996795617526968 0.03091987302961346 0.0009777722373678945 -0.04860615552051542 0.07259974675556935 0.6980187888185311
0.037239086732273545 0.030658401940800627 0.0009695037955385671 -0.02285138107169568 0.09732955453624277 0.22450136727462544
0.010395346853816935 0.030184816847105302 0.0009545277199187524 -0.04876689416650946 0.06955758787414333 0.7305530635990647
0.0020669089087186265 0.028837182831443375 0.0009119117905006451 -0.05445396944091039 0.058587787258347644 0.9428604464100694
-0.04798224152417221 0.030675428523189316 0.0009700422233497347 -0.10810608142962327 0.012141598381278852 0.11777262597165206
-0.031833457553892 0.0309080482085258 0.0009773983036922844 -0.09241323204260257 0.02874631693481857 0.30303783214276314
-0.02200941212162153 0.030225117786607955 0.0009558021475254827 -0.08125064298337312 0.03723181874013006 0.46650166859114006
-0.04829446011660905 0.029615292180961962 0.0009365177686321529 -0.1063404327912945 0.009751512558076394 0.10294791152938758
0.05388660786730869 0.031633951274930606 0.0010003533741956808 -0.008115936631555291 0.11588915236617267 0.08848534419998741
0.02935652050765289 0.030235976980534405 0.0009561455453890932 -0.02990599437419454 0.08861903538950032 0.3315913175317853
