0.09857541043200096 0.007819573924936901 0.0002472766393486313 0.08324904553912464 0.11390177532487729 1.9508489993952802e-36
0.08923491108763248 0.006944016300322336 0.00021958907618354405 0.07562463913900071 0.10284518303626426 8.532422068280381e-38
0.08301111362059842 0.007102353769216102 0.00022459614659004764 0.06909050023293486 0.09693172700826197 1.470945671400827e-31
0.09634873797230123 0.00777516879153575 0.00024587242573511877 0.08110940714089115 0.1115880688037113 2.892858388508329e-35
0.08828291290473785 0.007203273183425248 0.00022778749868035625 0.07416449746522435 0.10240132834425134 1.5612062183234163e-34
0.09211621132828159 0.007834516120892315 0.000247749153073268 0.07676055973133265 0.10747186292523052 6.443526671612087e-32
0.09111804723249967 0.007367272620557922 0.0002329736162436047 0.07667819289620614 0.10555790156879319 3.896472201780383e-35
0.07266045918150245 0.007207377883027983 0.0002279173006789106 0.0585339985307676 0.0867869198322373 6.676793916567207e-24
0.08865655360621295 0.007426815550093107 0.00023485652900250568 0.07409999512803046 0.10321311208439544 7.558640447094611e-33
0.10273134314759329 0.0075744119474485646 0.00023952393690329066 0.08788549573059411 0.11757719056459247 6.641378132001938e-42
0.09504376645084733 0.007558284806544359 0.00023901395192925309 0.08022952823002039 0.10985800467167428 2.9060921466304712e-36
0.09698661851954173 0.007483125295524964 0.00023663719950279497 0.0823196929403128 0.11165354409877065 2.0434671673614772e-38
0.07922337889990808 0.007373332558921214 0.00023316524832068706 0.0647716470844225 0.09367511071539365 6.284570415950454e-27
0.10036479167204229 0.007991740119228654 0.0002527210124490815 0.08470098103835413 0.11602860230573045 3.5674195078263765e-36
0.08299317846617248 0.007076568172242888 0.00022378073441742263 0.06912310484857642 0.09686325208376853 9.17217964077924e-32
0.09069661280501438 0.007132222434493218 0.00022554067671949637 0.07671745683340768 0.10467576877662109 4.790843440438454e-37
0.08310152250735926 0.007217768411051962 0.0002282458780253864 0.06895469642169742 0.0972483485930211 1.1285142124352195e-30
0.09452240193003937 0.007571822741684602 0.00023944205902784108 0.07968162935633755 0.1093631745037412 9.19263906231135e-36
0.09535957377519645 0.007431152412077098 0.00023499367262017775 0.08079451504752534 0.10992463250286756 1.0795699312188952e-37
0.11525107862383993 0.0077152086083591915 0.00024397631825753043 0.10012926975145592 0.13037288749622394 1.8602059493800215e-50
0.10615170282440473 0.007933131581118268 0.0002508676477414655 0.09060276492541292 0.12170064072339654 7.829263743284395e-41
0.09544907264151306 0.00756727605392974 0.00023929828013669147 0.08061721157581077 0.11028093370721535 1.781409383289689e-36
0.09151133352137887 0.007408405644316126 0.00023427435666486214 0.07699085845851926 0.10603180858423848 4.7299945686165184e-35
0.08369838108463583 0.007099708235905403 0.0002245124874811711 0.06978295294226124 0.09761380922701042 4.448498658034312e-32
0.07424478487503751 0.0072554730890459496 0.0002294382046344287 0.06002405762050745 0.08846551212956758 1.4117464968090123e-24
0.08670699861613983 0.006952669336125319 0.00021986270920166815 0.0730797667173342 0.10033423051494546 1.0741855723971752e-35
0.10180092463386156 0.00800566080865187 0.00025316122330085335 0.0861098294489039 0.11749201981881922 4.8118007110062174e-37
0.10735542399113994 0.007680953203197073 0.0002428930672326886 0.09230075571287367 0.1224100922694062 2.158735530207299e-44
0.09041750440290047 0.007546577769783516 0.00023864374292109725 0.07562621197412478 0.10520879683167617 4.455048996103501e-33
0.09431816898793001 0.007384595301471937 0.00023352140751229086 0.07984436219704502 0.108791975778815 2.3417199441649036e-37
0.09706630887460972 0.007589138058801398 0.00023998961743281283 0.08219159827935898 0.11194101946986046 1.860844494557216e-37
0.09108401880813571 0.007247927392292092 0.00022919958875167743 0.07687808111924321 0.10528995649702821 3.210456439025952e-36
0.11278002574252483 0.007697675650035702 0.00024342187743330008 0.09769258146845484 0.1278674700165948 1.3239769650170509e-48
0.09405925450280311 0.007693569646505351 0.00024329203420093406 0.07897985799565263 0.1091386510099536 2.266283151894876e-34
0.08347305244488085 0.0070154859642352725 0.00022184914539926024 0.0697226999549797 0.09722340493478199 1.2063910214867427e-32
0.09348615947131983 0.007308083869857682 0.00023110190360287828 0.07916231508639877 0.10781000385624089 1.8136809242664352e-37
0.08492179746413114 0.007614994563355904 0.0002408072719000404 0.06999640811995357 0.09984718680830872 7.007901645792943e-29
0.0949386117900484 0.007119042986628939 0.00022512390598395074 0.08098528753625567 0.10889193604384112 1.4318000015586707e-40
0.08860555397825974 0.007443247796686587 0.00023537616226559506 0.07401678829675402 0.10319431965976546 1.1260199615900565e-32
0.10334694035753869 0.007568249828062995 0.00023932907357856787 0.08851317069453522 0.11818071002054216 1.8764030725913616e-42
0.08701962035588158 0.007561616520134126 0.00023911930996380306 0.07219885197641869 0.10184038873534447 1.2013543479721562e-30
0.0931167372524191 0.00715592919232588 0.00022629035022638885 0.07909111603546037 0.10714235846937784 1.0384725968043737e-38
0.08569965055595814 0.007492605699828554 0.00023693699621018104 0.07101414338429418 0.1003851577276221 2.7036023616054684e-30
0.09401605498695498 0.007593563742644431 0.00024012956984429074 0.0791326700513719 0.10889943992253806 3.3111295122661276e-35
0.08845150132367213 0.0071820408804221985 0.00022711607430575157 0.07437470119804462 0.10252830144929964 7.461165661820639e-35
0.08163984399771437 0.00693478726024258 0.00021929722831085392 0.06804766096763892 0.09523202702778982 5.409156988413086e-32
0.08983615307409806 0.007510927363624974 0.00023751637809138636 0.07511473544139312 0.10455757070680301 5.706003315390599e-33
0.09791367241581024 0.0072495428674219115 0.00022925067456081326 0.08370456839566329 0.1121227764359572 1.4378003883775557e-41
0.09363599708556734 0.0071341514409964295 0.00022560167726121062 0.07965306026121434 0.10761893390992035 2.3666912764433904e-39
0.08399572843441354 0.007397190875080828 0.00023391971452269486 0.06949723431925511 0.09849422254957196 6.997210339627523e-30
0.0957833543888103 0.007499025669652389 0.00023714001348170972 0.08108526407629162 0.11048144470132899 2.3271278239266697e-37
0.08457633907550871 0.007574348416688438 0.00023952192788425584 0.06973061617879937 0.09942206197221805 5.971084974544982e-29
0.09835264766398966 0.007081811302836325 0.00022394653676487236 0.08447229751043046 0.11223299781754885 7.483083426493551e-44
0.10933178325951709 0.00766961875499825 0.00024253464050939385 0.09429933049972052 0.12436423601931366 4.162375083905681e-46
0.10344129713917972 0.007826651206118432 0.0002475004426303822 0.0881010607751876 0.11878153350317185 7.042415033024205e-40
0.09334976757805905 0.006941476999333194 0.00021950877643563994 0.07974447265936599 0.1069550624967521 3.158291089381568e-41
0.09807939847141803 0.007420390546471654 0.00023465335254831945 0.08353543300033359 0.11262336394250247 6.948883420255658e-40
0.09096895936364895 0.007680428229464684 0.00024287646610562748 0.07591532003389817 0.10602259869339972 2.3045400305639905e-32
0.08789432801676772 0.007379206065482309 0.00023335098490653708 0.07343108412842239 0.10235757190511305 1.0362387986810528e-32
0.09358750668080948 0.007246932693829026 0.00022916813362439383 0.07938351860090459 0.10779149476071437 3.748724751542826e-38
0.08785620296591751 0.0074015282772251 0.00023405687522173486 0.0733492075425563 0.10236319838927871 1.6945057807818824e-32
0.0886780402276802 0.007618582871395777 0.0002409207441635633 0.07374561779974448 0.10361046265561591 2.589163075875595e-31
0.08626361455528077 0.007392937841546512 0.00023378522179335972 0.0717734563858496 0.10075377272471193 1.8490890209130551e-31
0.09937810975633617 0.007528053852603628 0.00023805796522632954 0.08462312420523306 0.11413309530743927 8.653668853841932e-40
0.0974034683921819 0.007355814200832426 0.000232611269196417 0.08298607255855035 0.11182086422581346 5.039656203072325e-40
0.09543257197652487 0.007308300337736603 0.0002311087489182548 0.08110830331456112 0.10975684063848862 5.713034775220553e-39
0.09965810113471436 0.007602321244227344 0.00024040650636043606 0.08475755149602877 0.11455865077339995 2.9279822887338225e-39
0.09145834465549618 0.007547316154170033 0.00023866709268559823 0.07666560499332292 0.10625108431766944 8.480782767995094e-34
0.08491165761125134 0.007211060318444685 0.00022803374951144305 0.07077797938709976 0.09904533583540293 5.239440039076913e-32
0.09378856558526191 0.007472553368574938 0.00023630288581860497 0.07914236098285504 0.10843477018766878 3.9215780977883296e-36
0.07975334946609414 0.0069931871202970316 0.00022114399403892545 0.06604670271031196 0.09345999622187631 3.973477228087126e-30
0.0923597671530404 0.007428790513708262 0.00023491898283570416 0.0777993377461722 0.10692019655990859 1.7371363721629633e-35
0.09066927595946118 0.007813153040035261 0.00024707359313980165 0.07535549600099208 0.1059830559179303 3.900654431061666e-31
0.09085746691923384 0.007074814051884706 0.0002237252642612034 0.07699083137753981 0.10472410246092786 9.490824317601585e-38
0.0920666617007849 0.007179003964815408 0.00022702003860195988 0.0779958139297467 0.1061375094718231 1.1965735548043711e-37
0.09606854443841782 0.0074018086820485446 0.00023406574240082467 0.08156099942160268 0.11057608945523296 1.608352113793616e-38
0.0918530428970826 0.007218397686182198 0.00022826577745225086 0.07770498343216549 0.10600110236199971 4.302888403222131e-37
0.08979319580816804 0.007361989799475459 0.0002328065587726873 0.07536369580119615 0.10422269581513993 3.2302259884137946e-34
0.09486158757203159 0.007768297161581228 0.0002456551257161775 0.07963572513533237 0.1100874500087308 2.7028328689256955e-34
0.08028409342523815 0.007236108677579976 0.00022882584817661715 0.06610132041718139 0.09446686643329491 1.3276920723152527e-28
0.08643516467855178 0.007359364893761332 0.00023272355196568898 0.07201080948677957 0.10085951987032399 7.499189654981716e-32
0.091582777809659 0.007250197366160207 0.00022927137162820046 0.07737239097198499 0.105793164647333 1.410807344521811e-36
0.09114183054496393 0.007239121742921325 0.0002289211296687929 0.07695315192883813 0.10533050916108973 2.3913383599451065e-36
0.09617744293460269 0.007517073253247364 0.00023771072818593383 0.08144397935823786 0.11091090651096752 1.7590637341760043e-37
0.09044753867189696 0.007758896053592587 0.0002453578365784444 0.0752401024068555 0.10565497493693843 2.1069215345601206e-31
0.09126456810500257 0.007328613372962115 0.00023175110349329332 0.07690048589399683 0.10562865031600831 1.3437603047465722e-35
0.07992292919698936 0.007480927740002731 0.0002365677066954456 0.06526031082658401 0.0945855475673947 1.2152219117167348e-26
0.07716138073788648 0.007032241696264478 0.00022237900817001748 0.0633781870132081 0.09094457446256485 5.1810607079610995e-28
0.07909625259476812 0.007273074633923049 0.00022999481435592172 0.06484102631227893 0.0933514788772573 1.512981592099994e-27
0.08580611713366164 0.007282635081969029 0.00023029714226869175 0.07153215237300234 0.10008008189432094 4.8166533308518607e-32
0.09474750331159774 0.0076789587276701 0.0002428299963786616 0.07969674420536435 0.10979826241783114 5.613205667477378e-35
0.09899780388645721 0.007578590158160069 0.00023965606352721532 0.08414376717646348 0.11385184059645094 5.369686366579088e-39
0.09538978105651474 0.007509243412121771 0.00023746312686919252 0.08067166396875608 0.11010789814427341 5.691907362381248e-37
0.10017214000844667 0.007436000331656271 0.00023514697729801285 0.08559757935840037 0.11474670065849296 2.3095660297737116e-41
0.09217558465375893 0.007186589539795765 0.00022725991554495902 0.07808986915575923 0.10626130015175862 1.1718227381402944e-37
0.1005597948621563 0.007705624531262004 0.00024367324312855277 0.08545677078088278 0.11566281894342982 6.339660638497121e-39
0.08647981085786784 0.007395119851157076 0.00023385422299581731 0.07198537594959997 0.1009742457661357 1.3651052125419133e-31
0.09123607270219582 0.007288963421183738 0.00023049726192593816 0.07694970439667569 0.10552244100771595 6.025815192987071e-36
0.1026986752915659 0.00767316113250031 0.0002426466603217803 0.08765927947186529 0.11773807111126651 7.485717674816564e-41
0.09232805100992651 0.007722227024159002 0.00024419826005246556 0.07719248604257486 0.10746361597727816 6.029812741391446e-33
