0.6151141575388246 0.01903627318968301 0.0006019798144059683 0.5778030620870459 0.6524252529906033 4.632864625449448e-229
0.6025308410171724 0.02125580945289986 0.0006721677138170109 0.5608694544894887 0.644192227544856 9.206758045625715e-177
0.5894878452581331 0.021534654610700376 0.0006809855719485979 0.5472799222211604 0.6316957682951059 5.60784053574314e-165
0.6115418853759401 0.018613674406250127 0.000588616067485327 0.5750590835396898 0.6480246872121904 9.842269309568418e-237
0.5840053189427044 0.02044470680433788 0.0006465183959605014 0.5439336936062021 0.6240769442792066 1.823485143818625e-179
0.6006949486126772 0.01931966816667948 0.0006109415504535671 0.5628283990059855 0.638561498219369 3.0508683867710235e-212
0.5888294519791786 0.020361187395143893 0.0006438772803416553 0.5489215246846966 0.6287373792736606 6.847044256116869e-184
0.5341624792475287 0.023334934844053256 0.0007379154315883432 0.4884260069531843 0.5798989515418731 5.697643373357583e-116
0.5767987618810146 0.019442724357202287 0.000614832928875924 0.5386910221408981 0.6149065016211311 2.074181978885564e-193
0.6394800058976717 0.01839812202717667 0.0005817997027559256 0.6034196867244055 0.675540325070938 1.0531490709528842e-264
0.5971114554642281 0.019553262909173853 0.0006183284648107945 0.5587870601622473 0.6354358507662088 8.239227310283135e-205
0.6200526006787793 0.01866341755752206 0.0005901890840454632 0.5834723022660361 0.6566328990915226 5.030749777773135e-242
0.5567811394044457 0.02249119700347623 0.0007112340983453888 0.5126983932776323 0.6008638855312591 2.7041544614293616e-135
0.6008602573875499 0.01951650419830077 0.0006171660523086891 0.5626079091588804 0.6391126056162194 3.877412764755135e-208
0.5458601995584795 0.022392583065578363 0.0007081156518174322 0.501970736749946 0.5897496623670131 3.0120375356009177e-131
0.5849527400904485 0.019931773107496616 0.0006302980082538142 0.5458864647997551 0.6240190153811419 2.5526575350098934e-189
0.5683669385581053 0.020612141883827963 0.0006518131580745014 0.5279671404658025 0.608766736650408 2.2583431150998135e-167
0.6031234890770152 0.01933299897610611 0.000611363107661985 0.5652308110838472 0.6410161670701832 1.1854634950623252e-213
0.6118255937740543 0.01854795616643691 0.0005865378742690578 0.575471599687838 0.6481795878602706 1.283429367636926e-238
0.6613843734034709 0.01723024020783552 0.0005448680368857324 0.6276131025961132 0.6951556442108285 0.0
0.6475974314018845 0.01781596355783252 0.0005633902355330774 0.6126781428285328 0.6825167199752362 2.697501559813382e-289
0.6140853969369341 0.018317528479506975 0.0005792511110024297 0.5781830411171004 0.6499877527567678 2.121241611579287e-246
0.6041509808129214 0.020037231846987233 0.0006336329064134212 0.5648780063928265 0.6434239552330163 1.0276427606687261e-199
0.5906709983471363 0.020296830048132687 0.0006418421223344429 0.5508892114527962 0.6304527852414764 3.4225992711800294e-186
0.5384518830677558 0.023551655545879988 0.00074476874192717 0.49229063819783103 0.5846131279376806 1.0953129331077562e-115
0.5826363552643583 0.021075293703665638 0.0006664593046058915 0.5413287796051737 0.6239439309235429 3.163854227758595e-168
0.6366375385857963 0.01862469951365159 0.000588964711993693 0.6001331275390391 0.6731419496325535 4.410871473139143e-256
0.6445562521234932 0.01837366992265755 0.0005810264593172765 0.6085438590750845 0.680568645171902 1.3402278356433422e-269
0.5917981321904076 0.019963056031460306 0.0006312872611697655 0.5526705423687454 0.6309257220120698 3.9733037350279393e-193
0.5981588738623026 0.019324579477211352 0.000611096859729338 0.5602826980869684 0.6360350496376368 2.296027774212586e-210
0.624495777343856 0.01862209476485584 0.0005888823426044216 0.5879964716047386 0.6609950830829734 1.4794196942765547e-246
0.5941750111056984 0.01970165154868297 0.0006230209256082191 0.5555597740702798 0.632790248141117 8.263797550516983e-200
0.6584400773548275 0.0163339253924161 0.0005165240737129446 0.6264255835856919 0.690454571123963 0.0
0.6208603552560528 0.01937644020534802 0.0006127368399496046 0.5828825324535707 0.6588381780585348 2.83543382009526e-225
0.5728535947813141 0.022579978399048125 0.0007140416125839445 0.5285968371191798 0.6171103524434485 5.409957773675359e-142
0.6088777750866996 0.01878915452236587 0.0005941652359952928 0.5720510322228625 0.6457045179505367 2.273283493030148e-230
0.5641392663477597 0.021631728032997444 0.000684055303095859 0.5217410794030847 0.6065374532924347 6.269518561838833e-150
0.5858953604631347 0.01968575645779176 0.000622518278699903 0.5473112778058629 0.6244794431204066 1.1985523737768828e-194
0.5866937979330024 0.019786665942174562 0.0006257093167815314 0.5479119326863402 0.6254756631796645 3.295480765030903e-193
0.6334082797863086 0.01923980643722991 0.0006084161008241592 0.595698259169338 0.6711183004032792 1.0732570775296619e-237
0.5936006757156177 0.020267300036777944 0.0006409083013823267 0.5538767676435329 0.6333245837877025 1.4492463898276558e-188
0.6173778899122326 0.01897104047029921 0.0005999169746937742 0.5801946505904462 0.6545611292340191 2.6151489946880044e-232
0.5784220897584755 0.020926434532479655 0.0006617519642903654 0.5374062780748154 0.6194379014421356 3.6064222274576726e-168
0.59678153459544 0.019997408681768497 0.0006323735873561372 0.5575866135791738 0.6359764556117062 1.083936734162622e-195
0.572919122834933 0.02117109873362407 0.0006694889256655846 0.5314237693170298 0.6144144763528361 2.8061918986586204e-161
0.5529552477853352 0.02240677783237185 0.0007085645297566557 0.5090379632338864 0.5968725323367841 1.841087159558386e-134
0.5924226501633443 0.020678715536541416 0.000653918401821817 0.5518923677117231 0.6329529326149654 1.6539846110577287e-180
0.6133618581114814 0.01849731445042295 0.0005849364425968223 0.5771071217886524 0.6496165944343103 4.13080756317247e-241
0.5929836447206253 0.020157492042902594 0.0006374358677229274 0.5534749603165362 0.6324923291247143 3.2774695346068817e-190
0.5646956248187882 0.022566964686509747 0.0007136300828595849 0.5204643740332291 0.6089268756043473 3.4265724399941e-138
0.6055816692981835 0.01991078122815503 0.0006296341867429458 0.5665565380909996 0.6446068005053673 3.504707795941233e-203
0.5605434939731769 0.021657886498792668 0.0006848825064159442 0.5180940364355433 0.6029929515108106 1.069627720091602e-147
0.6195210022691345 0.019339658723813418 0.0006115737073759569 0.5816152711704602 0.6574267333678089 3.7018522139652786e-225
0.6476324919778392 0.017433668408331656 0.0005513010014245042 0.6134625018975092 0.6818024820581693 4.65664311691271e-302
0.6182281218177741 0.0184560733714156 0.0005836322851685606 0.5820542180097995 0.6544020256257487 5.281185964102743e-246
0.5949491487347025 0.020127394190805656 0.0006364840900698754 0.5554994561207234 0.6343988413486816 5.005938225176151e-192
0.6158128058763985 0.018381725015868117 0.00058128118373038 0.579784624845297 0.6518409869075 4.604671979671018e-246
0.5865450299493591 0.02047174896466533 0.0006473735441553633 0.5464204019786151 0.6266696579201031 1.5383037178856784e-180
0.6166446274548872 0.020056782420621845 0.0006342511498359033 0.5773333339104685 0.655955920999306 1.4287352488790066e-207
0.6026739615528091 0.020037201181735097 0.0006336319366930035 0.5634010472366082 0.6419468758690099 9.47049270718735e-199
0.5855344971630569 0.021153770061588008 0.0006689409449409844 0.5440731078423444 0.6269958864837695 1.218630593849033e-168
0.5727494748196142 0.02063928683947583 0.0006526715569428165 0.5322964726142416 0.6132024770249869 1.7208800912135467e-169
0.5899635181492136 0.021415800180332505 0.0006772270648489543 0.5479885497957618 0.6319384865026653 4.6700288560138076e-167
0.6175408045290374 0.01931466337518291 0.000610783285050133 0.5796840643136789 0.6553975447443958 2.618276289618836e-224
0.6252934021309393 0.018894678444137097 0.0005975021953995977 0.5882598323804306 0.6623269718814481 3.6706650686753155e-240
0.6229807121708094 0.01897249884101021 0.0005999630924249706 0.5857946144424294 0.6601668098991894 1.8055076514519803e-236
0.6216534669432833 0.01852877751295686 0.000585931391994537 0.5853370630178878 0.6579698708686788 8.793623558737833e-247
0.5917874142394496 0.02100852858333801 0.0006643480061209864 0.5506106982161071 0.6329641302627921 1.4059444657469163e-174
0.5662502052593071 0.0215574332205518 0.0006817058948392264 0.5239976361470257 0.6085027743715886 4.564870353365403e-152
0.613843693783218 0.018935281089263123 0.0005987861637758555 0.5767305428482623 0.6509568447181737 1.5313977610328003e-230
0.5651584726529795 0.022001377539340807 0.0006957446468558779 0.5220357726758715 0.6082811726300874 1.6159797971742014e-145
0.5998478219540743 0.01964433190309578 0.0006212083192609277 0.5613449314240065 0.638350712484142 8.832333581696488e-205
0.5952259319777261 0.020338348027935348 0.0006431550361346957 0.5553627698429728 0.6350890941124794 2.7946518094927374e-188
0.6026927159497154 0.019270620661434968 0.00060939053215235 0.5649222994533029 0.640463132446128 1.0142808783690407e-214
0.6054176902838454 0.020371798035068896 0.0006442128182376045 0.5654889661351103 0.6453464144325805 4.4393958997012323e-194
0.6018011369962649 0.02052067676992351 0.0006489207772106534 0.5615806105272149 0.642021663465315 4.75491648034764e-189
0.5900351452554757 0.020250146460233057 0.0006403658576633278 0.5503448581934189 0.6297254323175325 1.2091533274070082e-186
0.6178380787983732 0.020305686690211024 0.0006421221939483272 0.5780389328855595 0.6576372247111868 2.4253740888554502e-203
0.6072231365659232 0.019760172303087662 0.0006248715143513207 0.5684931988518713 0.6459530742799751 2.2873865828443732e-207
0.5597421729686328 0.021086366419246962 0.0006668094546170937 0.5184128947869088 0.6010714511503569 2.9164314215885505e-155
0.5814543675651221 0.020567337072088777 0.0006503963055221926 0.5411423869038281 0.6217663482264162 7.909089326277439e-176
0.6086781464567775 0.019588918520133256 0.0006194559942307603 0.5702838661573164 0.6470724267562387 5.65432481411798e-212
0.6070897848321491 0.019251980225100468 0.0006088010697983862 0.5693559035909522 0.6448236660733461 2.9821733035174366e-218
0.6180527887654947 0.01846043218891365 0.000583770123080549 0.581870341675224 0.6542352358557655 9.465054494327486e-246
0.5968166138677593 0.019734731340914087 0.0006240670004879739 0.5581365404395677 0.6354966872959509 6.658830148145237e-201
0.5910378056714867 0.01982208708188487 0.0006268294315695674 0.5521865149909924 0.629889096351981 2.3428979444129854e-195
0.552545371473996 0.022291779053928453 0.0007049279490764736 0.5088534845282962 0.5962372584196958 1.2394106628521143e-135
0.5494423490495196 0.02186527683307272 0.0006914407646262308 0.5065864064566971 0.5922982916423422 2.4262536924633775e-139
0.5614470499631454 0.021215503630776452 0.0006708931318082552 0.5198646628468235 0.6030294370794673 2.5180995250419164e-154
0.5717895922001374 0.02036701893251377 0.0006440616897451473 0.5318702350924104 0.6117089493078643 2.0186650453872534e-173
0.6025330526374459 0.019394344544671722 0.0006133030248722386 0.5645201373298894 0.6405459679450025 6.629117137143968e-212
0.6123193304709196 0.01850876671557801 0.0005852985950194041 0.5760421477083867 0.6485965132334525 5.276933802710036e-240
0.6095695207164974 0.019668058038709066 0.0006219586055470479 0.5710201269606276 0.6481189144723671 6.725751413482288e-211
0.6203230430730655 0.01904973158131127 0.0006024054061178469 0.5829855691736954 0.6576605169724357 1.355266607498881e-232
0.6034162000695211 0.01991130126970506 0.000629650631900706 0.5643900495808992 0.642442350558143 9.787087798180063e-202
0.6185565999585967 0.019223134099186846 0.0006078888752027957 0.5808792571241905 0.6562339427930028 3.618282144408771e-227
0.5799454328353575 0.020699407140161805 0.0006545727277806352 0.5393745948406403 0.6205162708300747 9.948855918892007e-173
0.5848882975936556 0.020374459620844693 0.0006442969849699988 0.5449543567367999 0.6248222384505112 3.1257987743530326e-181
0.625581759975562 0.019157305760867008 0.0006058072003660474 0.5880334406842627 0.6631300792668613 6.805806188388706e-234
0.5891720072309624 0.02091852535006201 0.0006615018539816702 0.5481716975448409 0.630172316917084 1.566304273734265e-174
