-0.13492205491448342 0.029429093731436002 0.0009306296566592136 -0.19260307862809797 -0.07724103120086886 4.547504631749445e-06
-0.14030546739902486 0.030132855523154665 0.0009528845585795336 -0.199365864224408 -0.08124507057364172 3.2205414238561643e-06
-0.11176495521346853 0.030033650714060684 0.0009497474270637419 -0.1706309106130275 -0.052898999813909595 0.00019818070663501632
-0.12797714498198348 0.0280983989879172 0.0008885493940598837 -0.1830500069983012 -0.07290428296566577 5.248378053403268e-06
-0.1368142169987677 0.028556235097775648 0.0009030274430821213 -0.19278443779040796 -0.08084399620712743 1.659146280861839e-06
-0.08071638471025734 0.029804862298341568 0.0009425125021044033 -0.1391339148150068 -0.022298854605507866 0.006765706210880602
-0.11040407434735766 0.027800338632519593 0.0008791238980273266 -0.16489273806709606 -0.05591541062761926 7.147513278170481e-05
-0.09862804854467593 0.02908778519422672 0.000919836533034797 -0.15564010752536028 -0.041615989563991554 0.000697135340907332
-0.13983419704166822 0.029416655762509812 0.0009302363335464821 -0.19749084233618744 -0.082177551747149 1.9985368875214903e-06
-0.13007825662449887 0.029791454448284325 0.0009420885086573341 -0.18846950734313614 -0.0716870059058616 1.2637220648271048e-05
-0.08849864448095598 0.029088207866631115 0.0009198498991098169 -0.14551153189955296 -0.031485757062358996 0.0023468153320397303
-0.12935019949428703 0.027753266778786808 0.0008776353553125076 -0.18374660238070917 -0.07495379660786489 3.1510548234618116e-06
-0.10262038665611052 0.028631338980555667 0.0009054024363891929 -0.1587378110579996 -0.04650296225422142 0.00033811558419142586
-0.11123431214428617 0.028666642317033038 0.0009065188259119108 -0.1674209310856709 -0.05504769320290141 0.00010434057299712801
-0.09350756871323591 0.029077762791593683 0.0009195195968353204 -0.15049998378475954 -0.036515153641712296 0.0013009237880855843
-0.06305341342804113 0.029156329294761817 0.0009220040878133817 -0.1201998188457743 -0.005907008010307975 0.030572128048193203
-0.0978358267502563 0.027886438827430977 0.0008818466252563708 -0.152493246852021 -0.04317840664849159 0.0004508687341964412
-0.09724201042801203 0.029456001707737788 0.0009314805615826084 -0.1549757737751781 -0.03950824708084597 0.0009625059149897724
-0.1188143790249378 0.028871957075774918 0.000913011448660634 -0.17540341489345662 -0.062225343156418964 3.868147230886566e-05
-0.16189908135299855 0.027752588114959648 0.0008776138940779137 -0.21629415405831945 -0.10750400864767765 5.422551880312755e-09
-0.138952180004629 0.028924723306059486 0.0009146800633730358 -0.1956446376845056 -0.0822597223247524 1.555857033085745e-06
-0.10198745907319695 0.029211433547478405 0.0009237466372868412 -0.15924186882625463 -0.04473304932013928 0.00048057881273382296
-0.10022649416132388 0.028822417622171408 0.0009114448735863607 -0.15671843270077984 -0.04373455562186793 0.000506339935205692
-0.11810401476191974 0.03038628616500296 0.0009608987391507237 -0.17766113564532554 -0.05854689387851394 0.0001015936786227491
-0.07965789613538825 0.02977741341675511 0.0009416444922540285 -0.13802162643222826 -0.021294165838548235 0.0074704437150779615
-0.14045475581540773 0.028048705286957208 0.000886977941255915 -0.19543021817784384 -0.0854792934529716 5.513272946668145e-07
-0.15563541966207303 0.02932483734086165 0.000927332780110783 -0.21311210085016186 -0.0981587384739842 1.1126700262585464e-07
-0.15330881480390005 0.028483726900163688 0.0009007345325472476 -0.2091369195282209 -0.09748071007957922 7.352785025379667e-08
-0.11973466581533192 0.028631584137904155 0.0009054101889452564 -0.17585257072562405 -0.06361676090503977 2.890722770811107e-05
-0.11477239701457734 0.02907961050134981 0.0009195780265481632 -0.17176843359722296 -0.05777636043193171 7.919140390429135e-05
-0.1446734077493688 0.029011033888750894 0.0009174094436478474 -0.20153503417132054 -0.08781178132741704 6.137459407911999e-07
-0.16072379617438382 0.02894568341481705 0.0009153428802098232 -0.21745733566742523 -0.1039902566813424 2.8145191870842553e-08
-0.14917918479180875 0.027983636678143974 0.0008849202911756317 -0.20402711268097093 -0.09433125690264657 9.77038398106753e-08
-0.13252498972061633 0.02974370444002953 0.0009405785208135642 -0.1908226504230742 -0.07422732901815846 8.367278489438949e-06
-0.11297198092507621 0.02901694267408105 0.0009175962958463302 -0.16984518856627506 -0.05609877328387736 9.888526534190491e-05
-0.12714848863203593 0.028237065732803063 0.000892934421555492 -0.18249313746832993 -0.07180383979574192 6.703460479268279e-06
-0.095378158524431 0.029852674574847925 0.0009440244590431816 -0.15388940069113294 -0.03686691635772907 0.0013984929075215842
-0.1677247274616625 0.027394869846530445 0.0008663018491890359 -0.22141867236086218 -0.11403078256246282 9.212608397159039e-10
-0.07229188219362247 0.0285682409994635 0.000903407103029098 -0.12828563455257092 -0.016298129834674012 0.011390067199343977
-0.14743034249560302 0.02862748636096749 0.0009052806058606246 -0.2035402157630993 -0.09132046922810674 2.60545277504763e-07
-0.08075806427241099 0.028567345298080457 0.0009033787784643602 -0.1367500610566487 -0.02476606748817329 0.0046995681227861045
-0.16484479860613724 0.02969179664111129 0.0009389370520844875 -0.22304072002271536 -0.10664887718955912 2.8264044803317764e-08
-0.1509085928446398 0.028811728927844123 0.0009111068673934852 -0.2073795815432143 -0.09443760414606533 1.625472704821947e-07
-0.146824972329387 0.03014745545651133 0.0009533462490104709 -0.2059139850241492 -0.08773595963462479 1.1146972509015913e-06
-0.1032810666653823 0.0278690239829503 0.0008812959195198053 -0.15790435367196487 -0.04865777965879971 0.00021060410387544287
-0.12118771936062378 0.027862791415463557 0.0008810988284305171 -0.17579879053493236 -0.0665766481863152 1.3648160209017892e-05
-0.11174260891294234 0.028867735635909823 0.0009128779550108426 -0.1683233707593256 -0.055161847066559085 0.00010845752706442552
-0.19103973193788196 0.028538371826407873 0.0009024625568422829 -0.2469749407176414 -0.13510452315812252 2.169501180302518e-11
-0.14429147982339402 0.028241868794899014 0.0008930863077151563 -0.19964554266139609 -0.08893741698539195 3.236395114688456e-07
-0.1626906654613711 0.02954823057625111 0.0009343970944878313 -0.22060519739082327 -0.10477613353191892 3.672119977455236e-08
-0.13834462524154395 0.028712653576669096 0.000907973829696544 -0.1946214262518154 -0.08206782423127253 1.448258177806624e-06
-0.10129025393965768 0.028640825702890952 0.0009057024328902838 -0.15742627231732395 -0.04515423556199142 0.0004053607245599458
-0.17363696008662624 0.02824244716302623 0.0008931045973212367 -0.22899215652615765 -0.11828176364709483 7.842410557476419e-10
-0.1586842439859984 0.028543943580054146 0.0009026387511631186 -0.21463037340290453 -0.10273811456909226 2.708642994362903e-08
-0.13337694469245454 0.0283738235528386 0.000897259083547009 -0.1889896388560182 -0.07776425052889088 2.5926615432283462e-06
-0.15014991589882787 0.029130835907271713 0.0009211979161159621 -0.20724635427708044 -0.0930534775205753 2.5454054462057383e-07
-0.12486200188953271 0.027862402601501062 0.0008810865330534414 -0.1794723109884748 -0.07025169279059063 7.416207647789504e-06
-0.12192852021529878 0.02959432855469511 0.0009358548405619551 -0.1799334041825012 -0.06392363624809635 3.788787015999226e-05
-0.09917755881932551 0.029170677641332195 0.0009224578223715803 -0.15635208699633663 -0.04200303064231441 0.0006740904890416056
-0.15052080331912787 0.027902130810950308 0.0008823428493456399 -0.20520897970859048 -0.09583262692966527 6.867680343526153e-08
-0.1504486638404992 0.027505718360905953 0.0008698071869957611 -0.20435987182787488 -0.09653745585312354 4.507391514648807e-08
-0.07628479459175085 0.028389137525683148 0.0008977433538891564 -0.1319275041420898 -0.02064208504141188 0.007207276282202987
-0.07419401479813037 0.030103241147065994 0.0009519480697802833 -0.13319636744637972 -0.015191662149881026 0.013714636324347934
-0.1825248049094508 0.027885603745941446 0.0008818202176609832 -0.23718058825149604 -0.12786902156740557 5.930255548360763e-11
-0.13794952587811257 0.028845603849499215 0.0009121780864733837 -0.19448690942313102 -0.08141214233309411 1.7326507008855857e-06
-0.11693661395300489 0.029069201042580598 0.0009192488505589599 -0.17391224799646288 -0.05996097990954692 5.753527509257193e-05
-0.11205909560852828 0.027406254507400137 0.000866661863776404 -0.16577535444303254 -0.058342836774024014 4.335830751233457e-05
-0.09876320396867205 0.029484658698226338 0.0009323867751909044 -0.15655313501719567 -0.04097327292014843 0.0008091455404736878
-0.12618626535593772 0.027950993841389913 0.0008838880340413127 -0.18097021328506194 -0.0714023174268135 6.3450214852854985e-06
-0.1389961105471826 0.028572004316174678 0.000903526109552737 -0.19499723900688498 -0.08299498208748024 1.1459239254679105e-06
-0.08162032271071003 0.02809884512541742 0.0008885635021663867 -0.13669405915652816 -0.026546586264891883 0.00367538090190923
-0.11257145154475601 0.028318352169354428 0.0008955049243793027 -0.1680754217966907 -0.05706748129282133 7.03166092788657e-05
-0.07999575604124254 0.029545116831790622 0.0009342986292423625 -0.13790418503155216 -0.02208732705093292 0.0067775812469846744
-0.137601775349708 0.028606943029593643 0.0009046309686819351 -0.19367138368771153 -0.08153216701170446 1.5086750376183472e-06
-0.1575769151763529 0.02907728261861972 0.0009195044124326346 -0.21456838910884754 -0.10058544124385824 5.985128847618462e-08
-0.09838693334704181 0.02845798259300054 0.0008999204260730622 -0.15416457922932286 -0.042609287464760746 0.0005456775487246839
-0.15673765996752453 0.028996551869981565 0.0009169514820035635 -0.2135709016326884 -0.09990441830236066 6.466767192932996e-08
-0.18229412912903623 0.029414124927724033 0.0009301563015234356 -0.23994581398737533 -0.12464244427069712 5.736592524349887e-10
-0.114650170250557 0.02869148187696752 0.0009073043217666031 -0.17088547472941334 -0.058414865771700665 6.443113134692523e-05
-0.09010544156051802 0.030143033071990826 0.0009532064009327323 -0.14918578638162003 -0.031025096739415996 0.002796516662339073
-0.13415209394146033 0.02872489413749827 0.0009083609102171243 -0.19045288645095693 -0.07785130143196373 3.008508787583933e-06
-0.11659976410026679 0.02798184917776115 0.0008848637654503502 -0.17144418848867865 -0.061755339711854935 3.08663587770959e-05
-0.12278303163574443 0.028343691880215193 0.000896306236395004 -0.1783366677209662 -0.06722939555052265 1.47804563708845e-05
-0.14097026665243742 0.029589615757765614 0.0009357058088374845 -0.19896591353765802 -0.08297461976721682 1.8962282849500009e-06
-0.086613097418391 0.028919174546501204 0.0009145045961891079 -0.14329467952953337 -0.029931515307248642 0.002744395634684255
-0.16313464612740303 0.028538484385710154 0.0009024661162799533 -0.2190700755233949 -0.10719921673141113 1.0886604765594188e-08
-0.09321694200529825 0.028451224800938358 0.0008997067259243592 -0.14898134261513743 -0.03745254139545907 0.0010514805636700777
-0.12352952408387141 0.029028997002593666 0.0009179774871839679 -0.180426358208955 -0.06663268995878782 2.0869070926282035e-05
-0.06679664531155266 0.028181093106867634 0.0008911644117097263 -0.12203158780101322 -0.011561702822092103 0.017775362571625597
-0.09113763161560119 0.028495237240462254 0.0009010985214671184 -0.1469882966069072 -0.035286966624295174 0.0013821827435685416
-0.11322167750170531 0.028252436549843035 0.0008934204894689323 -0.16859645313939764 -0.057846901864012965 6.136451199224395e-05
-0.12027742304054274 0.028241929118546834 0.000893088215316395 -0.17563160411289452 -0.06492324196819095 2.0550462084490752e-05
-0.1611629692589907 0.027974675845974746 0.000884636924781779 -0.2159933339171012 -0.1063326046008802 8.360177946475722e-09
-0.15734964345286417 0.028542105806869125 0.0009025806356722442 -0.21329217083432767 -0.10140711607140068 3.529780564871294e-08
-0.12419169759827552 0.02857168017352805 0.0009035158592622356 -0.1801921907383905 -0.06819120445816054 1.3821921442004072e-05
-0.15112614755099998 0.02786443498562845 0.0008811508026826707 -0.20574044012283174 -0.09651185497916823 5.8403497641233025e-08
-0.11066235845101105 0.02947186760368845 0.0009319822852658417 -0.1684272189542404 -0.052897497947781695 0.00017344728482062804
-0.15310773076084602 0.02762521226384869 0.0008735859159937825 -0.20725314679798945 -0.0989623147237026 2.984923787281805e-08
-0.16411400249689095 0.028464001210431446 0.0009001107514675308 -0.21990344486933658 -0.10832456012444533 8.133466867735037e-09
-0.12671900441979986 0.02844653215674283 0.0008995583314852928 -0.1824742074470158 -0.0709638013925839 8.403484489614432e-06
