-0.0008543199587893369 0.0005668929407910549 1.792672882370709e-05 -0.001965430122739804 0.0002567902051611307 0.1318050971400314
-0.00011462142184658638 0.0005650788735535133 1.7869362980713874e-05 -0.0012221760140114725 0.0009929331703182997 0.8392589536930952
-0.0011365736932607646 0.0005841682036290924 1.8473020601169717e-05 -0.002281543372373786 8.3959858522564e-06 0.051699507022009816
-0.0007935203954795327 0.0006296772033929476 1.991214153406819e-05 -0.00202768771412971 0.00044064692317064447 0.2075965448607009
-0.0006375005477221729 0.0006020843226639001 1.9039578030976615e-05 -0.0018175858201434172 0.0005425847246990713 0.2896805338615912
-0.0003537278757034177 0.0005824270336731731 1.841795997262812e-05 -0.001495284861702837 0.0007878291102960018 0.5436291244264977
-0.0007185181800259056 0.0005957702524491114 1.8839909599127007e-05 -0.001886227874826164 0.00044919151477435285 0.22780502858223983
-0.0011582676295239806 0.000608819391988537 1.9252559623626463e-05 -0.002351553637821513 3.501837877355196e-05 0.05710823529315454
-0.0007221339153898013 0.000581450673689688 1.8387084758987544e-05 -0.0018617772358215897 0.0004175094050419871 0.21425421651126997
-0.0010508432874757041 0.000624991723252892 1.9763973642327586e-05 -0.0022758270650513725 0.00017414049009996423 0.09269077268100522
0.00012905110620985854 0.0005790448069673809 1.83110045730946e-05 -0.001005876715446208 0.001263978927865925 0.8236375055037344
-0.0011398250071362004 0.0005734528101867772 1.8134170108144235e-05 -0.0022637925151022835 -1.5857499170117114e-05 0.0468501172685105
0.00011325274234298262 0.0005788661879324908 1.8305356143257465e-05 -0.0010213249860046994 0.0012478304706906645 0.8448874044514328
-0.0017870083495932884 0.0005701060049781873 1.8028334834703645e-05 -0.0029044161193505355 -0.0006696005798360414 0.0017213585396128705
-0.001802588067707717 0.0005656207543611069 1.7886498756437146e-05 -0.0029112047462554864 -0.0006939713891599476 0.0014379656584479817
0.0013236628239638804 0.0005868583221610923 1.85580896185392e-05 0.0001734205125281396 0.0024739051353996214 0.024101547937842915
-0.0015051674837069237 0.0006100979762856876 1.9292992009221676e-05 -0.0027009595172268713 -0.000309375450186976 0.01362155748989737
-0.00014223674427816786 0.0005840806367163143 1.8470251492249234e-05 -0.0012870347922421437 0.0010025613036858082 0.8076007003622584
0.0001953029420896878 0.0006340227018862701 2.004955826214548e-05 -0.0010473815536074015 0.001437987437786777 0.7580535890052512
-0.0019662909769671937 0.0005745283698031522 1.8168182289614657e-05 -0.0030923665817813722 -0.0008402153721530153 0.0006206095778958305
0.000658063103140582 0.0005980828811342235 1.8913041339398955e-05 -0.0005141793438824961 0.00183030555016366 0.27120688757515266
-0.0013892458350228325 0.0005633099932251641 1.7813426073255376e-05 -0.002493333421744154 -0.00028515824830151085 0.01365478018084963
-0.0008545739764605077 0.0005872524042386205 1.85705515880396e-05 -0.002005588688768204 0.00029644073584718833 0.1456118848519944
-0.00013143366537723383 0.0005948683732191473 1.8811389673716156e-05 -0.0012973756768867625 0.0010345083461322949 0.8251346395306586
-0.0010413400843864082 0.0006056781043442704 1.915322338621019e-05 -0.002228469168901178 0.00014578900012836185 0.08556044518907387
-0.0006352997978011466 0.00056712536716162 1.7934078790899808e-05 -0.0017468655174379217 0.0004762659218356286 0.26262406552264184
-6.7922705085311e-05 0.0005900367670988343 1.8658600872746165e-05 -0.0012243947685990262 0.001088549358428404 0.9083531342491725
-0.001221511005779567 0.0005980878031399731 1.8913196986887204e-05 -0.002393763099933914 -4.92589116252197e-05 0.04111576813775133
8.41627967736655e-05 0.0005376655585774077 1.7002477845312897e-05 -0.0009696616980380537 0.0011379872915853848 0.875612332184713
0.0006143524767493933 0.0005405570801640381 1.7093915786485853e-05 -0.0004451394003721213 0.001673844353870908 0.25574012669938373
-0.0010202987338192664 0.0005634366009143135 1.7817429759925403e-05 -0.0021246344716113206 8.403700397278794e-05 0.07016419364098812
-0.0008618031209537409 0.0005103363983500623 1.613825391673193e-05 -0.001862062461719863 0.0001384562198123811 0.09127767012501098
-0.00050208779938547 0.0005667470827201528 1.7922116386515397e-05 -0.0016129120815169694 0.0006087364827460295 0.3756651794798246
-4.8416549297966364e-05 0.0005595547747028101 1.7694675636832472e-05 -0.0011451439077154741 0.0010483108091195413 0.9310475599906753
-0.0008195329471700419 0.0005979860716408493 1.8909979954417056e-05 -0.0019915856475861064 0.00035251975324602266 0.17053450827848515
-0.00047818207961447935 0.0005466181377369436 1.728558325608379e-05 -0.001549553629578889 0.0005931894703499302 0.3816822068557363
-7.056553958249503e-05 0.0005593228596963748 1.7687341840393386e-05 -0.0011668383445873896 0.0010257072654223994 0.8996033382414083
-0.0008087096734938674 0.0005655219895937392 1.7883375540262564e-05 -0.0019171327730975961 0.00029971342610986143 0.15271030562901908
-0.0015868170756026946 0.0005788466840216471 1.8304739375441995e-05 -0.0027213565762851228 -0.0004522775749202664 0.0061188668997459745
-0.00030860188182409517 0.0005684546054390542 1.7976112995997516e-05 -0.0014227729084846413 0.0008055691448364509 0.5872133408834721
0.00013479664970769293 0.0005744478496145859 1.8165636017679698e-05 -0.0009911211355368953 0.0012607144349522812 0.8144770719351468
0.00047557569586474376 0.0005660688485479418 1.790066873880394e-05 -0.0006339192472892223 0.00158507063901871 0.40083126808272707
-0.0012006112132622183 0.0006495282243091796 2.053988593381755e-05 -0.0024736865329082103 7.24641063837737e-05 0.06453932591385662
-0.0006635509677156864 0.0005927295886703089 1.8743755367729104e-05 -0.0018253009615094918 0.000498199026078119 0.26293394543024506
-0.00029750851450841746 0.000581520205380901 1.838928354412551e-05 -0.0014372881170549834 0.0008422710880381484 0.6089276421133671
-0.0006738226283853128 0.0006030733816852897 1.90708548234559e-05 -0.0018558464564884807 0.000508201199717855 0.263859881776109
-0.0007259762945742769 0.000568692058722959 1.7983621928147773e-05 -0.0018406127296712767 0.0003886601405227228 0.20175343229272036
-0.00020617543221030846 0.0005995913676833312 1.896074387254803e-05 -0.0013813745128696375 0.0009690236484490207 0.7309516444932938
-0.0009731014111386206 0.0006004876563011131 1.898908700727878e-05 -0.0021500572174888025 0.00020385439521156102 0.1051209238909158
-0.0009711077537880148 0.0006148066558206869 1.944189353024588e-05 -0.0021761287991965608 0.00023391329162053142 0.11421372209588083
-0.0005104426135922132 0.0005904772981253215 1.8672531686982883e-05 -0.0016677781179178434 0.0006468928907334169 0.3873365388672416
-0.0010931426399877731 0.0005555316407561293 1.756745297079793e-05 -0.0021819846558697865 -4.300624105759744e-06 0.049097793225356894
-0.0008513310257540478 0.0005857567263439817 1.852325410010936e-05 -0.0019994142093882517 0.0002967521578801563 0.14611642173323844
-3.2133436402385365e-05 0.000569915067014367 1.8022296846128974e-05 -0.0011491669677505445 0.0010849000949457739 0.9550368180062079
0.0008162657255806926 0.000559740332842226 1.7700543500421843e-05 -0.0002808253267900702 0.0019133567779514554 0.14475964312486325
0.00011605721860085793 0.0005788836199966887 1.83059073935293e-05 -0.0010185546765926518 0.0012506691137943679 0.8411016446932049
-0.0013751086503971167 0.0005843908237102948 1.848006046626463e-05 -0.0025205146648692948 -0.00022970263592493882 0.01861945983541026
-0.0002972944558820196 0.0005582477469410898 1.765334378991139e-05 -0.0013914600398865556 0.0007968711281225163 0.59434559500452
-0.0002844843435871807 0.0005965318884612013 1.8863994644589123e-05 -0.0014536868449711352 0.000884718157796774 0.6334353781319167
-0.0008722272686338173 0.0005735632480830825 1.813766246106746e-05 -0.001996411234876659 0.0002519566976090245 0.12833092031809987
-0.000838408605883731 0.0005836804734563468 1.845759721887508e-05 -0.0019824223338581705 0.00030560512209070855 0.15088369364693857
-0.0015897056165350076 0.0005824826691190083 1.84197193199029e-05 -0.002731371648008264 -0.00044803958506175134 0.006349019729768362
-0.0006715303499792468 0.0005799751903016054 1.8340425877426712e-05 -0.0018082817229703933 0.0004652210230118997 0.246920978984021
-0.000390610228483951 0.000558393713073382 1.765795964430428e-05 -0.0014850619061077797 0.0007038414491398778 0.48422414452185036
0.0002265812888850768 0.0005876341879138971 1.858262464791304e-05 -0.0009251817194261615 0.0013783442971963152 0.6998061106001621
-0.001076062980631216 0.0005549804853837589 1.7550023907584645e-05 -0.0021638247319833836 1.1698770720951343e-05 0.05251103239831382
0.0004299963975069322 0.0005606841543346393 1.77303897566283e-05 -0.0006689445449889608 0.0015289373400028251 0.44313278715542204
-0.0009598378337624186 0.0005593434232365104 1.7687992116629236e-05 -0.002056150943305979 0.0001364752757811418 0.08616056357232175
-0.0002427781510759466 0.0005779212006595105 1.8275473021832573e-05 -0.0013755037043685873 0.0008899474022166941 0.6744206760273721
-0.0004490343714434934 0.0005661613456138889 1.7903593752856697e-05 -0.0015587106088467157 0.0006606418659597288 0.4277074123461667
-0.0011644238957792632 0.0005460407662058409 1.7267325165139558e-05 -0.002234663797542711 -9.418399401581504e-05 0.03296697338466788
-0.0011512510141283416 0.000593176279394914 1.8757880968723336e-05 -0.002313876521742373 1.1374493485690005e-05 0.05227957676187066
-0.0007574414128539314 0.0005547747302015495 1.7543517357423e-05 -0.0018447998840489682 0.0003299170583411055 0.17215454662601282
-0.0012477566090649322 0.0005870215930529994 1.8563252697479534e-05 -0.002398318931448811 -9.719428668105356e-05 0.03353892054472129
-0.00020267850400651572 0.0005943992358059228 1.879655424610226e-05 -0.0013677010061861243 0.0009623439981730928 0.7331183182468118
-0.0010952793673804516 0.0005658950195776112 1.7895171784108277e-05 -0.002204433605752569 1.3874870991666252e-05 0.05293123106495495
-0.00022534337712109325 0.0006580502390293196 2.0809375701508797e-05 -0.0015151218456185597 0.0010644350913763731 0.7320190434060928
0.00032259017956589155 0.0005704193446245322 1.8038243504340463e-05 -0.0007954317358981915 0.0014406120950299747 0.571712219192996
-0.0012953449103530036 0.0006368436583416271 2.0138764737936312e-05 -0.0025435584807025928 -4.713134000341448e-05 0.04195081822128505
-0.00064036219650319 0.0006098898649236835 1.928641095011275e-05 -0.0018357463317536097 0.0005550219387472296 0.2937348195995665
-2.9871676174463344e-05 0.0005791467867375259 1.831422945658379e-05 -0.0011649993781800141 0.0011052560258310875 0.9588643396672618
-0.0005013413020406545 0.0005857912970295303 1.8524347321175432e-05 -0.001649492244218534 0.0006468096401372249 0.39208847903595323
-0.0007756975839800919 0.0005564931050385932 1.7597857141012787e-05 -0.0018664240698557347 0.0003150289018955507 0.16334680306485694
-0.0002527446959572353 0.0005327238616964566 1.6846207668813343e-05 -0.0012968834648822902 0.0007913940729678197 0.635187262649516
-0.0007052285077760767 0.0005679950017900225 1.796157905247887e-05 -0.0018184987112845209 0.00040804169573236727 0.2143803385746672
-0.000374976016640187 0.000575636490380691 1.8203224139085894e-05 -0.0015032235377863414 0.0007532715045059674 0.5147811278808858
0.000288713781214075 0.0005751803737422741 1.8188800464524924e-05 -0.0008386397513207824 0.0014160673137489322 0.6157002557374371
-0.0006687546795528394 0.000553342812320202 1.749823613814919e-05 -0.0017533065917004352 0.00041579723259475637 0.22682728411543718
-0.0005519592743923032 0.0006006909861862972 1.8995516862814403e-05 -0.0017293136073174458 0.0006253950585328393 0.35816152850146976
8.47591632458596e-05 0.0005486532505205053 1.7349939172997594e-05 -0.000990601207774331 0.00116011953426605 0.8772266680918563
-0.0006560314302531472 0.0006253717220429669 1.9775990259175034e-05 -0.0018817600054573623 0.0005696971449510679 0.29416597982592707
-0.00041386475039673244 0.0005693439914127711 1.8004237849957038e-05 -0.001529778973565764 0.0007020494727722989 0.4672779600300211
-0.00021959831756840494 0.0005936759126939853 1.8773680760922627e-05 -0.001383203106448616 0.0009440064713118062 0.7114600168740066
-0.0003825259345372486 0.0006159025428328957 1.9476548520413645e-05 -0.0015896949184897242 0.0008246430494152268 0.5345457237546651
1.909172633225655e-05 0.000569744638527488 1.8016907424161838e-05 -0.00109760776518162 0.0011357912178461332 0.9732684744210542
-0.001305086170131138 0.0005498191783924298 1.738680904962514e-05 -0.0023827317597803002 -0.0002274405804819754 0.01761255396715048
-0.00036760277862428735 0.0005824935969637055 1.8420064888694495e-05 -0.00150929022867315 0.0007740846714245754 0.5279851650237655
-0.0006177099031972244 0.0006039843647670185 1.909966263793732e-05 -0.0018015192581405806 0.0005660994517461319 0.30643789251134435
-0.0008722602308853929 0.0006068765605433264 1.919112189885984e-05 -0.0020617382895503126 0.00031721782777952674 0.15063438329418535
-0.0005408347472714744 0.0005730121419181328 1.8120234953929443e-05 -0.0016639385454310148 0.0005822690508880658 0.34524877001671495
