-0.000984705787593918 0.017481239686836913 0.0005528053373373325 -0.03524793557379426 0.03327852399860643 0.9550794872967067
0.021206445705493092 0.01718889319743246 0.0005435605296126089 -0.01248378496147453 0.05489667637246071 0.2173036937208992
-0.04041285508758616 0.017755518583684498 0.0005614787976188999 -0.07521367151160777 -0.005612038663564543 0.022841645366103103
0.0059011035714524275 0.01828122036196924 0.0005781029475127063 -0.02993008833800728 0.04173229548091213 0.7468497937528582
-0.018665809053923992 0.016945308700278962 0.0005358577114754904 -0.05187861410647075 0.014546995998622771 0.2706649472322057
0.011029032451754106 0.017704827041372006 0.0005598757903007572 -0.023672428549335024 0.04573049345284324 0.5333244152435379
-0.02555210352065534 0.01772489125648547 0.0005605102764929784 -0.06029289038336687 0.009188683342056182 0.1494168364110653
-0.02128877635528025 0.01740237534084363 0.0005503114277421489 -0.05539743202333376 0.012819879312773261 0.2212066311126104
-0.033681039865413084 0.017746270395839647 0.0005611863442407118 -0.06846372984125879 0.001101650110432624 0.05770633654954558
0.003084109414357131 0.017649374288266156 0.0005581222202773426 -0.031508664190644534 0.0376768830193588 0.8612813646020643
-0.02349174214136498 0.016827156604152904 0.0005321214141346754 -0.05647296908550467 0.00948948480277471 0.16269603610557792
-0.023950675617532193 0.017760969733309335 0.0005616511781057085 -0.05876217629481849 0.010860825059754105 0.17749747662282678
-0.0040806811102208785 0.017174515231601448 0.0005431058584111482 -0.03774273096415971 0.02958136874371796 0.8121906147314268
0.013110584535146696 0.01798630367923155 0.0005687768631383826 -0.022142570676147142 0.04836373974644054 0.46605032594252005
-0.02082770837332414 0.01777434690674566 0.0005620742014728474 -0.055665428310545634 0.014010011563897359 0.24128349302356245
-0.004429111334877539 0.01692163520059925 0.0005351090896837388 -0.037595516328052074 0.028737293658296994 0.7935199615286362
-0.027726000720022532 0.017398348056740287 0.0005501840738366374 -0.0618267629112335 0.006374761471188432 0.11102574136389468
0.00045915427280854065 0.01779837545744957 0.0005628340509638193 -0.03442566162379261 0.0353439701694097 0.9794188253368717
0.022301999608837893 0.017536879886611356 0.0005545648349448727 -0.012070284968920361 0.05667428418659615 0.20347264787780173
-0.003721984210243912 0.01768914305916636 0.0005593798192352433 -0.03839270460620998 0.030948736185722157 0.8333471758612134
0.008417355574555481 0.01716692281908716 0.000542865765246341 -0.025229813150855353 0.042064524299966315 0.6239045926226591
-0.0011402811936781483 0.01740840553645744 0.0005505021192709089 -0.035260756045134733 0.032980193657778434 0.9477745054245064
-0.008184048399722393 0.016685303895921055 0.0005276356376319157 -0.04088724403572766 0.024519147236282873 0.6237840798277751
-0.007368208462228606 0.01840199543972954 0.0005819221908157711 -0.043436119524098496 0.028699702599641285 0.6888599437963672
-0.016330333049342352 0.017550339757821432 0.0005549904734452365 -0.05072899897467236 0.018068332875987657 0.352119874841363
-0.008286054229562318 0.017242808830349166 0.0005452654916276723 -0.04208195953704669 0.025509851077922047 0.6308354334925599
0.013371372175155275 0.017751037403225634 0.0005613370902503374 -0.021420661135166965 0.04816340548547751 0.4512860501109168
-0.05195016076792886 0.017814567268876046 0.0005633460809993354 -0.08686671261492591 -0.01703360892093181 0.003543666636729128
-0.0007087013321829192 0.017624497822955207 0.0005573355573721748 -0.035252717065175125 0.03383531440080929 0.9679247881099704
0.01816105491697634 0.017518887975020547 0.0005539958807439994 -0.016175965514063927 0.05249807534801661 0.2998963489098554
-0.02000804022984668 0.018217101570453288 0.0005760753332926273 -0.055713559307935125 0.015697478848241762 0.2720687776454398
-0.031988476953176845 0.016768814462073733 0.0005302764736092421 -0.06485535329884136 0.0008783993924876693 0.056440725378180796
0.004936469514687483 0.01751522316408564 0.0005538799892465173 -0.02939336788692037 0.03926630691629534 0.7780671166999518
0.009112886982175368 0.01753099399424477 0.0005543787066854627 -0.025247861246544386 0.043473635210895124 0.6031919931494114
-0.01357597531035083 0.017471820640516413 0.0005525074809397384 -0.047820743765763 0.020668793145061336 0.4371462536030215
-0.003416780975422524 0.017382452392077183 0.0005496814087840609 -0.0374863876638938 0.03065282571304875 0.844167997229621
-0.029464750140391002 0.017300399514983973 0.0005470866689822169 -0.06337353318975958 0.004444032908977581 0.0885446002924154
-0.03045917612052406 0.01720099691936084 0.000543943282907199 -0.0641731300824713 0.0032547778414231884 0.07659734335607196
-0.02901891871441613 0.018530206337377404 0.000585976575389991 -0.06533812313567584 0.007300285706843577 0.11734084005344979
-0.01924808623521547 0.016881295186223007 0.0005338334264210102 -0.05233542480021256 0.013839252329781622 0.25420216183812194
0.020278519651741593 0.017859418729808615 0.0005647644087286652 -0.014725941058683294 0.05528298036216648 0.25618582000408496
0.009495883729445955 0.0183594908224548 0.000580578076799152 -0.026488718282565455 0.04548048574145737 0.6050030526921181
-0.0085101216665352 0.0189013508486126 0.0005977131953557226 -0.045556769329815894 0.0285365259967455 0.652538256732112
0.006326777521849272 0.018208658015577615 0.0005758083246430698 -0.029362192188682856 0.0420157472323814 0.72824587931236
0.006349013444634129 0.017378180115885968 0.0005495463075484853 -0.02771221958250237 0.040410246471770626 0.7148546545389319
-0.015509449011359885 0.017761123233491286 0.0005616560322076707 -0.050321250549002806 0.019302352526283033 0.3825406908962139
-0.002157143439912857 0.0181560864447718 0.000574145865603878 -0.03774307287166558 0.03342878599183987 0.9054250651684476
-0.003881456696961792 0.01785802996565067 0.0005647204921499461 -0.038883195429637106 0.03112028203571352 0.8279349880913999
-0.03637015539009786 0.017942826815170485 0.0005674020039788378 -0.071538095947832 -0.0012022148323637058 0.04266215370702244
-0.021259782281045525 0.017543112727486168 0.0005547619346794508 -0.05564428322691842 0.013124718664827367 0.22556628834405534
-0.017865453808838867 0.01804582681306933 0.0005706591499023669 -0.05323527436245476 0.017504366744777025 0.3221718096095215
-0.013664754944291042 0.016886886733528873 0.0005340102466723214 -0.04676305294200763 0.019433543053425546 0.4184039906029994
-0.022660178105603623 0.01732251837645996 0.0005477861287973556 -0.05661231412346514 0.011291957912257896 0.19082780727587145
-0.004647271179725144 0.016555788324049487 0.0005235399956361818 -0.03709661629486214 0.02780207393541185 0.7789376641014163
0.001764752123201424 0.017297831243761608 0.0005470054531150994 -0.03213899711457133 0.03566850136097417 0.9187395438373058
0.024930138730536202 0.017438880172672054 0.0005514658118839413 -0.009250066407901023 0.05911034386897343 0.1528398319379877
0.015841875678867468 0.016743005060111588 0.0005294603086567701 -0.01697441423895124 0.048658165596686176 0.34405742032443565
-0.01316532581792227 0.01827564419439421 0.0005779266136111875 -0.04898558843893492 0.02265493680309038 0.4712938475747459
-0.001419646803056359 0.0173508439200694 0.0005486818611350381 -0.035427300886392385 0.03258800728027966 0.9347898171617282
-0.009900577958299173 0.01877588823202451 0.0005937457190594948 -0.04670131889306721 0.026900162976468866 0.5979833478672838
-0.002243026714601195 0.017746535880360407 0.000561194739598403 -0.03702623704010759 0.0325401836109052 0.8994213422275542
-0.002341283829605416 0.01760359768068649 0.0005566746368422678 -0.03684433528375094 0.0321617676245401 0.8941931406816757
0.011890828776611392 0.01760685862391466 0.000556777756921483 -0.022618614126261337 0.04640027167948412 0.49945209641100086
0.004206264312691752 0.01760630759513795 0.0005567603318615761 -0.030302098573778632 0.03871462719916213 0.8111779536537999
0.003117530713905839 0.01682042522388364 0.0005319085492001995 -0.029850502724906094 0.03608556415271777 0.8529608224994604
-0.03028394274178877 0.01747050853299149 0.0005524659884566003 -0.06452613946645208 0.0039582539828745475 0.08301887139237846
-0.007439406827303184 0.018078525267926488 0.000571693165835535 -0.0428733163524391 0.02799450269783273 0.6807021424132911
-0.015413256869555431 0.017672355565850728 0.0005588489520844208 -0.05005107377862286 0.019224560039511996 0.3831169234285172
-0.011271611524197556 0.01733508405117955 0.0005481834903218626 -0.04524837626450947 0.02270515321611436 0.5155503783089497
-0.023975592004423993 0.016866537440163896 0.0005333667455142385 -0.05703400538714523 0.009082821378297246 0.15517474280344182
-0.018424001537428708 0.0167259931315925 0.0005289223442416472 -0.051206948075350006 0.01435894500049259 0.27067077980453225
-0.005398215362816963 0.016816857701042156 0.0005317957342223618 -0.038359256456859586 0.027562825731225662 0.74821020881441
-0.01796441844394894 0.017809720900399863 0.0005631928253716837 -0.052871471408732676 0.016942634520834794 0.31312518590979466
0.01669059552010351 0.01804295516201505 0.0005705683403225993 -0.01867359659744599 0.05205478763765301 0.3549410571797227
0.02250296614097411 0.018033018443674623 0.0005702541136983661 -0.01284175000862815 0.057847682290576366 0.2120765681106347
-0.02517263864668074 0.01766638787025969 0.0005586602369799185 -0.05979875887238973 0.009453481579028249 0.15418934057351388
0.012165715686652779 0.01779218262282661 0.0005626382163380063 -0.02270696225408738 0.047038393627392934 0.49412201145588097
-0.004623879027421977 0.017410295421148247 0.0005505618826722893 -0.03874805805287254 0.029500299998028584 0.7905603557490075
-0.007819677334382944 0.017826964853227625 0.0005637381270396859 -0.042760528446709085 0.0271211737779432 0.6609200723516021
0.012060117279014858 0.01768532920578217 0.0005592592146016834 -0.022603127964318192 0.046723362522347905 0.49528461859981154
0.006648979350695071 0.016837776082583675 0.000532457231528718 -0.02635306177116893 0.03965102047255907 0.6929280173008762
-0.007164242546451725 0.01730332568949421 0.0005471792027450516 -0.041078760897860375 0.026750275804956924 0.6788459311414541
-0.01700941505378812 0.018170953229908145 0.0005746159946290299 -0.05262448338440808 0.018605653276831842 0.34923344019111546
-0.002014267064356703 0.01700412760367235 0.0005377177285174555 -0.0353423571675545 0.0313138230388411 0.9057051391917478
-0.005219260059687534 0.01763510506870318 0.0005576709879348222 -0.039784065994345766 0.029345545874970694 0.7672617391886604
-0.023606185958549162 0.018183534003070784 0.0005750138336082284 -0.059245912604567894 0.012033540687469573 0.19421253250788717
0.005457144928253809 0.018188762076675972 0.0005751791598119024 -0.030192828742031098 0.04110711859853872 0.7641555036050405
0.009514514859439539 0.017100662243517216 0.0005407704218675937 -0.024002783137854204 0.043031812856733284 0.5779491738084088
0.0029988074067227493 0.01751242456476858 0.0005537914897655164 -0.031325544740223664 0.03732315955366917 0.8640359623700666
0.0010841247084209483 0.01766380666117354 0.000558578611981625 -0.033536936347479195 0.035705185764321086 0.9510601753356545
-0.004943573257833981 0.018073155600184215 0.0005715233620320958 -0.04036695823419505 0.03047981171852708 0.7844448562298068
0.0003826646227825518 0.01748685806717248 0.0005529830061235474 -0.03389157718887551 0.03465690643444062 0.9825412988974609
0.013980432952792549 0.017967867488405953 0.0005681938595945188 -0.021236587324483122 0.04919745323006822 0.43652202904796633
-0.011407192224513788 0.018008947000545023 0.0005694929078297988 -0.04670472834558203 0.023890343896554457 0.526460676097457
-0.015868337625092516 0.018264590518430674 0.0005775770656855652 -0.05166693504121664 0.019930259791031607 0.38495469459817344
-0.01575524017094844 0.01773615819459631 0.0005608665683598425 -0.05051811023235721 0.01900762989046033 0.3743730067814668
0.004957018998096556 0.017887205027183162 0.0005656430886031284 -0.03010190285518244 0.04001594085137555 0.7816829539816922
-0.024908597343111377 0.017925410480259425 0.0005668512511107253 -0.06004240188441985 0.010225207198197098 0.16465975017625878
0.004132994387909456 0.01741703808623875 0.0005507751044641463 -0.030004400261118495 0.038270389036937406 0.812427124139985
0.013665945572986046 0.017519639662028942 0.0005540196511743402 -0.02067254816459068 0.04800443931056277 0.4353698222576833
