0.044260869310072934 0.021791266082021973 0.0006891003391796301 0.0015499877893098701 0.086971750830836 0.04224192512775825
0.006081348906643221 0.021933037386492403 0.0006935835414694278 -0.03690740437088189 0.04907010218416833 0.7815736464472509
0.021254591540737996 0.023096587996098785 0.0007303782424617634 -0.024014720931615625 0.06652390401309162 0.35744311650509497
-0.015994253624901686 0.022958408514574247 0.0007260086235865765 -0.06099273431346721 0.02900422706366384 0.48601426794820635
-0.02236171322022763 0.022289397800175484 0.0007048526472210115 -0.06604893290857158 0.02132550646811632 0.31574296177618555
0.04002085653372212 0.022739402469477896 0.0007190830443480763 -0.004548372306454551 0.0845900853738988 0.07841147376655613
0.004907041959074335 0.022640277993192032 0.0007159484531787296 -0.03946790290758205 0.04928198682573072 0.82841138279033
0.02327620345352791 0.022090220518238324 0.0006985541085301821 -0.020020628762219207 0.06657303566927503 0.2920257188740061
-0.028338994967252666 0.02196842239911291 0.0006947025138185739 -0.07139710286951398 0.01471911293500864 0.19705492426016336
-0.013748712391573615 0.02205994567233224 0.0006975967338414436 -0.056986205909344806 0.029488781126197572 0.53312467962988
0.03196231671199135 0.023128960744024585 0.0007314019586374036 -0.013370446346296833 0.07729507977027954 0.16699701931066624
-0.010064059625252834 0.022880132117541325 0.0007235333065700196 -0.05490911857563383 0.03478099932512816 0.6600383590426905
0.022580163314474055 0.02277456003220288 0.0007201948240999881 -0.022057974348643584 0.0672183009775917 0.3214589141985791
0.02754786123208699 0.02174713373167658 0.0006877047517237504 -0.015076520881999109 0.07017224334617309 0.20524996559817266
-0.011903657688015509 0.02248280224435832 0.0007109686327531782 -0.05596995008695782 0.0321626347109268 0.5964890626796508
-0.04789953873796034 0.02258289177862407 0.0007141337417354305 -0.09216200662406351 -0.0036370708518571604 0.03391723678309452
-0.00445770736342729 0.023177710336732178 0.0007329435561170189 -0.04988601962342236 0.04097060489656777 0.8474858043578115
-0.019296006431296527 0.0228563839303439 0.0007227823229515806 -0.06409451893477057 0.02550250607217752 0.3985418364227332
-0.0006798360297462855 0.023294442386762152 0.0007366349476573734 -0.0463369431078001 0.04497727104830753 0.9767174645443922
0.007141691308143392 0.02276813093860118 0.0007199915183092703 -0.03748384533151492 0.051767227947801704 0.7537712985993938
0.008547226166290165 0.022822468651372045 0.0007217098276612698 -0.03618481239039904 0.05327926472297938 0.708025458122414
0.05787177073525327 0.0227227656162058 0.0007185569408536979 0.013335150127489905 0.10240839134301663 0.010869610043802809
0.020672155255129332 0.021972138495310045 0.0006948200270984463 -0.022393236195678352 0.06373754670593701 0.3467894605753742
-0.049838349509888476 0.022005195006850477 0.0006958653657781203 -0.0929685317233154 -0.006708167296461544 0.023522210657905804
-0.020868782142743354 0.022172993521343384 0.0007011716207160239 -0.06432784944457638 0.022590285159089674 0.34661252937234344
0.014900262782576642 0.02212406661306982 0.0006996244160258778 -0.028462907779040203 0.05826343334419348 0.5006377599365448
-0.015531079961097411 0.022626649776946773 0.0007155174911409263 -0.05987931352391309 0.028817153601718264 0.49245679334028836
-0.026217047611682427 0.022076121891103216 0.0006981082707938982 -0.06948624651824473 0.01705215129487988 0.23500094285792228
-0.009390061962818053 0.021952235972637624 0.0006941906540701663 -0.05241644446918779 0.03363632054355169 0.6688333743601904
0.009358076545255216 0.02219732607724012 0.0007019410836952944 -0.034148682566135416 0.05286483565664585 0.6733274032777818
-0.018205739952159124 0.023217664289517645 0.000734207011040308 -0.0637123619596137 0.027300882055295458 0.4329619928714542
-0.02940549110983114 0.02237736044025079 0.0007076342701374072 -0.0732651175727227 0.01445413535306041 0.1888215498615976
0.01546617039935561 0.023551465555758832 0.0007447627339120122 -0.0306947020899317 0.06162704288864292 0.511375937951426
-0.029917332364980096 0.023054013437478753 0.0007290319167056069 -0.07510319870243845 0.015268533972478262 0.19438836913297286
0.0017066243149019451 0.023028168823135752 0.0007282146382398815 -0.04342858657844413 0.046841835208248014 0.9409226259795938
0.015233651341916817 0.023019121440498006 0.000727928534879898 -0.029883826681459273 0.0603511293652929 0.5081106340191737
-0.01910343760838778 0.023026563082864045 0.000728163860273989 -0.0642355012508013 0.026028626034025747 0.4067502183001025
-0.004398378322666343 0.02279083830965399 0.0007207095884312849 -0.04906842140958817 0.04027166476425548 0.8469676781290841
-0.012177956155459465 0.022988000308411752 0.000726944398272343 -0.057234436759946494 0.03287852444902757 0.5962833759935424
-0.00025422400475940684 0.022987690989774486 0.000726934616758178 -0.0453100983447174 0.04480165033519859 0.9911762658627541
-0.03052572750806329 0.021884962714473183 0.0006920632868559648 -0.07342025442843073 0.012368799412304149 0.16306814410145687
0.014937237778732605 0.021787720288471136 0.0006889882113422963 -0.027766693986670823 0.057641169544136034 0.49297763502723957
-0.0029015271601357142 0.022497022992243248 0.0007114183322866521 -0.046995692224932474 0.04119263790466105 0.8973783585535084
0.028048513065908647 0.02238296597136909 0.000707811532595695 -0.015822100237974767 0.07191912636979206 0.2101625140175566
-0.0005573631654612196 0.022829160236407776 0.0007219214341599659 -0.04530251722882046 0.044187790897898024 0.9805219603336984
0.0009645731419050425 0.02287828355877839 0.0007234748500092243 -0.04387686263330061 0.04580600891711069 0.9663702886674119
-0.047759829513013656 0.02237258694663545 0.0007074833190151999 -0.09161009992841915 -0.0039095590976081715 0.032781620807137535
0.00856291328348674 0.023027045710181902 0.0007281791222898434 -0.03657009630846979 0.05369592287544327 0.7099946286279459
0.0152451658163265 0.022802344740922006 0.000721073453736756 -0.029447429875880636 0.05993776150853363 0.5037641569256353
0.01652331974246041 0.022305635242499733 0.000705366120232214 -0.027195725332839062 0.06024236481775988 0.45883360603230494
-0.045247585827975126 0.022243474545379255 0.0007034004263937681 -0.08884479593691846 -0.001650375719031788 0.04193184276646748
-0.0015596515666934222 0.02099448340683444 0.0006639038586420828 -0.042708839044088925 0.03958953591070208 0.9407807180339177
0.013532193621636704 0.023143356401808826 0.000731857189307549 -0.03182878492590859 0.058893172169182 0.5587415171778818
0.01759769774580719 0.022147623297813782 0.0007003693438050125 -0.02581164391790782 0.0610070394095222 0.4268673349070775
-0.009969541927611517 0.021827509938567625 0.0006902464705583568 -0.05275146140720406 0.03281237755198102 0.6478564531694209
-0.0020939609572507016 0.022480270786914083 0.0007108885810399424 -0.0461552916996023 0.0419673697851009 0.9257870910060522
-0.014143667802272228 0.02232933457432294 0.0007061155589080684 -0.057909163567945184 0.02962182796340073 0.5264646502568483
0.02802849288149834 0.022740298205866056 0.0007191113700197731 -0.01654249160199913 0.07259947736499581 0.2177447136000561
0.023905258860703903 0.022932258225762402 0.00072518167884541 -0.021041967261790404 0.06885248498319821 0.2972126684569727
-0.01087191611371448 0.023915043179466845 0.0007562600678839018 -0.057745400745469494 0.03600156851804054 0.6493928981507153
-0.005048664736999295 0.02206971526683248 0.0006979056755458138 -0.04830530665999096 0.038207977185992364 0.8190555749659122
0.044247599639958994 0.0227341073394413 0.0007189155976338522 -0.0003112507453459576 0.08880645002526394 0.05161762301520189
-0.04225023973976421 0.022401580358650988 0.0007084001712062877 -0.08615733724272015 0.0016568577631917228 0.05928978645417447
0.025872659241868753 0.023266471672939323 0.0007357504360227644 -0.01972962523709232 0.07147494372082983 0.2661318165929575
0.004782224758485113 0.023629413397118933 0.0007472276610859262 -0.04153142549986799 0.051095875016838224 0.8396162195637642
-0.005230681866618495 0.023081331865856147 0.0007298958012632944 -0.05047009232369654 0.04000872859045956 0.8207195612394089
0.003284558045799688 0.022769291502389623 0.0007200282185586842 -0.04134325329888397 0.04791236939048335 0.8853000164825445
-0.03026463722887499 0.02211705851064082 0.0006994028003683639 -0.07361407190973099 0.013084797451981014 0.1711917933199284
0.02353721232074924 0.021997573663442717 0.000695624357738132 -0.01957803205959848 0.06665245670109696 0.2846232272334571
0.0011086680205797273 0.022327930374384887 0.0007060711542071233 -0.04265407551321465 0.0448714115543741 0.9603982221854045
-0.02836197089805737 0.023219677178132003 0.0007342706641672839 -0.07387253816719609 0.01714859637108136 0.2219108584914219
0.003301415431227506 0.02228172451874043 0.0007046099967563889 -0.04037076462550373 0.04697359548795874 0.8822110044532374
0.04538672167241739 0.022631019749254445 0.0007156556817989674 0.0010299229638786808 0.0897435203809561 0.044908622346144796
0.00882294909338481 0.022526665325310988 0.000712355705163206 -0.03532931494422473 0.05297521313099435 0.6953043525961964
-0.005489224984255519 0.022639351179084326 0.0007159191447432502 -0.04986235329526079 0.03888390332674976 0.8084207395787874
-0.0007465567437167847 0.023185198747059113 0.0007331803604438893 -0.046189546287952646 0.044696432800519076 0.9743127851160103
0.0072952965146230175 0.022663010605699897 0.0007166673215056383 -0.03712420427254878 0.05171479730179482 0.7475259994877781
0.04072514396993512 0.022887496317442392 0.0007237661830183413 -0.00413434881225197 0.0855846367521222 0.07518041257350849
-0.01796072308192774 0.02279354786172876 0.0007207952719912358 -0.0626360768909161 0.026714630727060623 0.4307119142381327
0.018054504059081145 0.02266937894424856 0.0007168687060528867 -0.026377478671646037 0.062486486789808324 0.42578392606831594
-0.02925444789479091 0.0234167918224882 0.0007405039765306802 -0.07515135986686777 0.016642464077285958 0.21155771198534534
0.01010380012225977 0.022955751676058234 0.0007259246069757178 -0.03488947316281437 0.055097073407333906 0.6598339592130431
-0.045408219588306174 0.022883165493497847 0.0007236292303402417 -0.09025922395556196 -0.0005572152210503931 0.04721678646757059
0.02281708992908937 0.022736101233709845 0.0007189786501068737 -0.021745668488981924 0.06737984834716067 0.3155897211774791
0.0053621652951263326 0.02125955409395001 0.0006722861297643934 -0.03630656072901568 0.04703089131926835 0.8008680910633987
-0.01642375263967737 0.022692084069278844 0.0007175867051494326 -0.06090023741546391 0.028052732136109166 0.469209576044087
0.00838681994656891 0.022678736441463464 0.0007171646160968645 -0.03606350347869948 0.0528371433718373 0.7115241812591888
0.017171115007299627 0.023059314211950746 0.0007291995419125507 -0.028025140848123832 0.062367370862723086 0.4564834200723136
0.02152436829630341 0.02225631248331751 0.000703806397637216 -0.02209800417099891 0.06514674076360573 0.33348756623767506
-0.02015784262237873 0.023053208699380604 0.0007290064686525063 -0.06534213167316472 0.02502644642840725 0.3818976959966671
0.022665974703929035 0.02209720301737727 0.0006987749145405744 -0.02064454321013041 0.06597649261798848 0.3050143746556023
-4.412733489071982e-05 0.023131385103295377 0.0007314786236090261 -0.04538164213734965 0.04529338746756822 0.9984778906362061
-0.0009511555027800922 0.02301722972526182 0.0007278687135915901 -0.04606492576429325 0.04416261475873307 0.9670378945184738
-0.017358406383656447 0.022772650757910576 0.0007201344475455713 -0.061992801869161174 0.02727598910184828 0.4459120320027914
0.015362730720572614 0.022131582925678597 0.0006998621027003737 -0.028015171813757435 0.05874063325490266 0.4875855261471823
0.0037913281243618924 0.022469206674236384 0.0007105387030764397 -0.04024831695714142 0.047830973205865206 0.8660055588138493
-0.011190019287397178 0.02257742939930193 0.0007139610061344129 -0.055441780910028965 0.03306174233523461 0.6201564843265902
0.02725946697140915 0.023180390187361583 0.0007330283004347985 -0.01817409779581955 0.07269303173863785 0.2396064588905441
-0.010705854724389958 0.021864796639247234 0.0006914255795641619 -0.05356085613731454 0.03214914668853462 0.6243894528479754
-0.03669718236214877 0.023270175890226272 0.0007358675736585137 -0.08230672710699227 0.008912362382694723 0.11479438812107376
