-0.008332621499732292 0.006542421512399956 0.00020688953392067403 -0.021155767664036207 0.004490524664571623 0.20279472738881432
0.005535410696284756 0.006388812484570919 0.00020203198994963456 -0.0069866617734742455 0.018057483166043758 0.38625852576924835
-0.006752768759419377 0.006464812965488542 0.00020443533617931308 -0.01942380217177692 0.005918264652938165 0.2962346912018854
-0.003952501899141632 0.006188233754810978 0.00019568913358738644 -0.01608144005857115 0.008176436260287885 0.5230100165514111
0.0035717843190892456 0.006229097760908518 0.0001969813669232588 -0.008637247292291449 0.01578081593046994 0.566371753491022
-0.011002990352303073 0.0062847927878456914 0.0001987425983179178 -0.023321184216480627 0.001315203511874483 0.07999201591529946
-0.003951930007021586 0.00654141209771367 0.00020685761342555117 -0.01677309771854038 0.008869237704497207 0.5457504352704385
-0.008341014096679065 0.00628646404091595 0.00019879544798040346 -0.020662483616874325 0.003980455423516197 0.18456781827511903
0.013835165401219788 0.00662224306001462 0.00020941371288889322 0.0008555690035911331 0.026814761798848445 0.03669006041137153
0.008666917988049142 0.00663848251014541 0.00020992724939251337 -0.00434450773183586 0.021678343707934145 0.1917032165998177
-0.00479937458495158 0.0064530344716724145 0.00020406286750066137 -0.01744732214942951 0.007848572979526354 0.4570342796478687
0.004245738004189338 0.006579662479241514 0.00020806719669553533 -0.008650400455124028 0.017141876463502705 0.5187444315738654
-0.003389622636938952 0.006437249267089277 0.00020356369550251694 -0.016006631200433934 0.009227385926556031 0.5984965143709178
0.001288868276426105 0.006517606916732774 0.00020610482750542963 -0.011485641280370133 0.014063377833222342 0.8432392861431135
0.002768291904000949 0.006382168473441996 0.00020182188786996554 -0.009740758303945362 0.015277342111947262 0.6644669976935522
0.006308698681179771 0.005846301969808082 0.00018487630113722488 -0.0051500531796440695 0.017767450542003613 0.28054664125900575
0.0007493695760144523 0.006588349580456745 0.0002083419069565808 -0.012163795601680766 0.013662534753709672 0.9094426160039629
-0.005556200041386226 0.006708298935529503 0.0002121350386155627 -0.018704465955024053 0.0075920658722516 0.40752459033338106
0.00264752321095607 0.00654442576348963 0.00020695291390513646 -0.010179551285483604 0.015474597707395742 0.6858110400054958
-0.012377306438664191 0.006696201617128486 0.00021175248781828788 -0.025501861608236025 0.0007472487309076407 0.06454347612479848
-0.0006366504567646624 0.006674568572134734 0.00021106839086923628 -0.01371880485814874 0.012445503944619418 0.9240094187245368
-0.005519200843837844 0.005951388979765691 0.00018819944417685326 -0.017183923244178598 0.00614552155650291 0.3537291199798742
-0.01137484388359531 0.006557518199061986 0.00020736693307041301 -0.024227579553756803 0.0014778917865661805 0.082807008466457
0.008865054932326734 0.006649179454615185 0.00021026551647780167 -0.004167336798719027 0.021897446663372497 0.18244797888271314
0.007683750256496208 0.006256344728477185 0.00019784299169175608 -0.004578685411319074 0.01994618592431149 0.21938943579859105
0.006738014252946815 0.006344081101876525 0.00020061745942760533 -0.005696384706731174 0.019172413212624806 0.2881927432793704
-0.00387122613479582 0.006608599197426205 0.00020898225607027571 -0.016824080561751182 0.009081628292159541 0.5580192063003581
0.00744863028454064 0.006413553112856088 0.00020281435731088176 -0.005121933816657293 0.020019194385738574 0.24548372457782475
-0.00045419782801931884 0.006460890158262756 0.00020431128612276056 -0.01311754253821432 0.012209146882175684 0.9439552212937299
-0.005122346962085721 0.006388818683134982 0.00020203218596544117 -0.017644431581030285 0.007399737656858844 0.42268748178321425
-0.002989713716806883 0.006477551386564808 0.00020483816042326603 -0.015685714434473908 0.009706287000860141 0.6444040714918342
0.0036238381101336334 0.005998642079667796 0.00018969371839879458 -0.008133500366015246 0.015381176586282514 0.5457706840176944
-0.004745851228271641 0.006252220391372609 0.00019771256870086803 -0.017000203195361954 0.007508500738818673 0.44781276047626717
0.005698536217145333 0.006075418523606842 0.00019212160273375075 -0.006209284089124078 0.017606356523414742 0.34826186577127805
0.002712269792061317 0.006128998212820702 0.0001938159412761483 -0.009300566705067258 0.014725106289189892 0.6581052290143421
0.004058146452386567 0.006398606560344969 0.0002023417058198573 -0.008483122405889571 0.016599415310662707 0.5259349931363588
0.000940914980973609 0.00643899873887886 0.00020361901865808985 -0.011679522547228956 0.013561352509176174 0.883820713934856
0.0008041643913783375 0.006407260295950113 0.00020261536096766883 -0.011754065788683885 0.01336239457144056 0.9001211491149939
-0.0009290761088489276 0.00638244196876751 0.00020183053655154585 -0.013438662367633246 0.011580510149935391 0.8842628274212363
-0.006845390191798699 0.00651939369436461 0.00020616133037531807 -0.019623401832753334 0.005932621449155936 0.2937162218547241
0.020351610631243706 0.006351343427791199 0.00020084711433761366 0.007902977512772956 0.03280024374971446 0.0013539125410428582
-0.0035943085736427527 0.006279321336418294 0.00019856957583174224 -0.01590177839302261 0.008713161245737105 0.5670483148443439
-0.004286379113551828 0.006633474367316698 0.0002097688780106517 -0.017287988873492557 0.008715230646388898 0.518166631953106
-0.00466176098745937 0.006450119910944404 0.00020397070099786746 -0.017303996012910404 0.007980474037991661 0.4698395097054163
0.004299075428412016 0.006363614264003016 0.0002012351522498558 -0.008173608529033895 0.016771759385857926 0.49931284172933443
0.008119824109779985 0.006302518439053976 0.00019930313262619674 -0.004233112030765809 0.02047276025032578 0.19762556433653944
0.018128254835313263 0.006460950223362187 0.00020431318554798146 0.005464792397523377 0.030791717273103147 0.0050188925191395764
-0.0017174357490606232 0.006490803869205663 0.00020525724072123548 -0.014439411332703721 0.011004539834582477 0.7913212943570147
0.0002682837610300158 0.006690418067831613 0.00021156959593090802 -0.012844935651919945 0.013381503173979977 0.9680136405428755
-0.003899018396691047 0.006304605142390338 0.0001993691199796365 -0.01625604447577611 0.008458007682394015 0.5362855053572182
0.011555397570537468 0.006387032338446056 0.00020197569678640967 -0.0009631858128168018 0.024073980953891738 0.07042045643522334
0.003722926746097805 0.006414751001981081 0.000202852237891075 -0.008849985217785114 0.016295838709980724 0.5616653724102294
-0.005409384534940294 0.006244364971605302 0.00019746415851645404 -0.017648339879286684 0.006829570809406097 0.38633522236774576
1.0139598518171814e-05 0.0066257958489146975 0.0002095260619385933 -0.012976420265354635 0.012996699462390978 0.9987789804972658
0.0046552298524432266 0.0063301302715846105 0.0002001762954378761 -0.007751825479862609 0.017062285184749063 0.46209091555845605
0.0016990788413096458 0.006604866742791714 0.00020886422549119325 -0.011246459974562112 0.014644617657181405 0.7969884910018696
0.005850923035815036 0.006682647228890263 0.00021132386042705808 -0.00724706553280988 0.018948911604439952 0.3812803118960185
-0.014532739169719621 0.006216099532703336 0.00019657032685650863 -0.026716294253818162 -0.002349184085621082 0.019391434025095237
-0.003493760586410539 0.006592615333542244 0.00020847680191344147 -0.016415286640153338 0.009427765467332259 0.5961461678286822
0.007594617152375659 0.006701930707922923 0.00021193365757661112 -0.005541167035153269 0.020730401339904586 0.257130946122731
0.004177567784085498 0.006395340414419772 0.0002022384212169163 -0.008357299428177254 0.016712434996348252 0.513614103705721
0.001771457826858147 0.0066599895354338785 0.00021060736124857738 -0.011282121662592254 0.014825037316308548 0.7902507022951953
0.002156292560949178 0.0067913866007941635 0.00021476250129258252 -0.011154825176607382 0.015467410298505738 0.7508611880950598
-0.0031721188716512133 0.00639700984350646 0.000202291213199977 -0.015710258164923874 0.009366020421621449 0.6199824273271428
0.0021528090702725706 0.006404375196438836 0.00020252412611035007 -0.010399766314747547 0.014705384455292689 0.7367603046709785
-0.001712487424966381 0.006469172196712758 0.00020457318717447155 -0.014392064930523387 0.010967090080590623 0.7912289609049793
-0.008640811318839935 0.006810158596719994 0.00021535612392611277 -0.02198872216841112 0.004707099530731252 0.20450810481505888
0.007737996367887674 0.006719102664824062 0.0002124766825335096 -0.005431444855167488 0.020907437590942837 0.24946848806755306
-0.007888777083841088 0.00645146123772207 0.00020401311747490745 -0.020533641109776346 0.004756086942094168 0.22140932810660452
0.0015687403053804452 0.006604350888037514 0.0002088479127315423 -0.011375787435173082 0.014513268045933973 0.8122446102551601
0.00967597624775204 0.006424163698620339 0.00020314989349411766 -0.0029153846015438235 0.022267337097047903 0.13201979895165022
-0.003716863844667629 0.006168395998434705 0.00019506180864922092 -0.01580692000159965 0.008373192312264393 0.5467976449691456
-0.005709583584336469 0.005960417988907017 0.000188484966515864 -0.01739200284259422 0.005972835673921284 0.3381047939621661
-0.0020671849577071043 0.0060721426001826735 0.00019201800893914404 -0.013968584454065144 0.009834214538650935 0.733527093429289
0.0011886609913140552 0.006638319525851468 0.00020992209537659646 -0.011822445279354821 0.01419976726198293 0.8578901760777999
-0.0024680273371706814 0.006156378423337991 0.0001946817795566436 -0.014534529046913144 0.009598474372571782 0.6885014964637566
-0.0017041628457515451 0.006465871691117438 0.00020446881602335815 -0.014377271360341724 0.010968945668838633 0.7921168743426684
-0.0024544600092460647 0.00658137002690982 0.00020812119409398692 -0.015353945261989311 0.010445025243497183 0.7091926626455993
-0.0002052484605346614 0.006014383849758599 0.00019019151687769113 -0.011993440806061515 0.011582943884992194 0.9727764637788114
-0.010132208433392714 0.0066023083218085515 0.00020878332111598966 -0.023072732744137472 0.0028083158773520456 0.12487071840042155
0.00912111363117786 0.006127426714227431 0.00019376624612720342 -0.0028886427287079033 0.021130869991063624 0.13660020431260428
0.00023435178467433315 0.006581276745723474 0.00020811824428386994 -0.012664950636943676 0.013133654206292342 0.9715942408294708
0.0068036498139536035 0.006473178920412873 0.00020469989090294498 -0.005883780870055627 0.019491080497962835 0.2932345543700601
0.0049405505788024376 0.006423220996228803 0.00020312008262698825 -0.007648962573806016 0.017530063731410892 0.44179224156234054
-0.000741603197509129 0.006412694096862254 0.0002027871928400115 -0.013310483627359147 0.011827277232340888 0.9079330088260023
0.005099300243329311 0.0064574890339999785 0.0002042037331300042 -0.007557378263310646 0.017755978749969266 0.4297191700573465
-0.003087462622383615 0.006562877488935418 0.00020753640869682424 -0.015950702500697033 0.009775777255929805 0.6380382389245303
0.00042302611251092024 0.006703589633429639 0.00021198611740730884 -0.012716009569011172 0.013562061794033013 0.9496833574241257
-0.0026150011904093095 0.006400840551305533 0.0002024123508169334 -0.015160648670968155 0.009930646290149534 0.6828770647880886
0.002230468578915426 0.00651921599303947 0.00020615571096601134 -0.010547194767441936 0.015008131925272786 0.7322473809648455
-0.006562353273377483 0.006233025584305063 0.00019710557560505862 -0.018779083418615408 0.0056543768718604415 0.2924161955780916
-0.008667108316223943 0.006416067546832147 0.00020289387069478637 -0.021242600708014953 0.003908384075567066 0.1767453117987533
0.0016673862153804566 0.006341401605831503 0.0002005327263227685 -0.010761760932049289 0.014096533362810202 0.7925994898337736
-0.001765212586137647 0.006641626360734703 0.00021002666667736765 -0.014782800253177665 0.01125237508090237 0.7904085158147862
-0.0023360601634857424 0.006237290657700019 0.00019724044906821708 -0.014561149852577778 0.009889029525606295 0.7080091237360737
0.0028348421763491646 0.006610187431930844 0.000209032480455207 -0.01012112519023529 0.015790809542933618 0.668025420215946
-4.989188041424304e-05 0.006652598260016407 0.00021037362859724915 -0.0130889844700464 0.012989200709217915 0.9940162345028852
-0.011935621762517678 0.0063199523649384946 0.0001998544417697332 -0.024322728397797127 0.0004514848727617711 0.05895054531070235
0.0029946999746941656 0.006402165890584374 0.00020245426172486964 -0.009553545170851207 0.015542945120239538 0.6399536749245365
0.014441703913769513 0.006559519802168486 0.0002074302293182951 0.001585045101519281 0.027298362726019744 0.027690718577506438
