0.043359558706471776 0.029983555900865582 0.0009481632899771702 -0.015408210859224766 0.10212732827216832 0.14814598956213582
0.044891166528442335 0.028997530174406344 0.0009169824187058367 -0.0119439926133941 0.10172632567027877 0.1215974744176867
0.09449257013817247 0.02971763313242758 0.000939754073677554 0.03624600919861442 0.15273913107773052 0.001474376587854285
0.1174203320292785 0.027629002181670265 0.000873705763718393 0.06326748775320479 0.1715731763053522 2.1387165233178387e-05
0.052669740358705204 0.028847750371701706 0.0009122459654654637 -0.003871850369830142 0.10921133108724054 0.06788291248027356
0.11384554281648164 0.0289944011877674 0.0009168834714603637 0.05701651648845754 0.17067456914450574 8.620291831283787e-05
0.04761687418244947 0.028390768343405332 0.0008977949248736632 -0.00802903177062498 0.10326278013552392 0.09350422240255231
0.06652517162922705 0.028983473635705036 0.0009165379119226923 0.009717563303245184 0.12333277995520892 0.021717114129078192
0.027134131597267516 0.029739238767174485 0.0009404373038384929 -0.03115477638639447 0.0854230395809295 0.3615573022214943
0.10132696904425897 0.02965156418756982 0.000937664790194008 0.04320990323662213 0.15944403485189582 0.000632558977946888
0.01938256237199076 0.029359412904745336 0.000928426155443354 -0.03816188692131009 0.07692701166529162 0.5091369011494506
0.07681247221685997 0.029779453470428097 0.0009417090044155849 0.0184447434148209 0.13518020101889905 0.009897836464947775
0.06759847472178919 0.02772235737931789 0.0008766579142782098 0.01326265425832613 0.12193429518525226 0.01475202975204971
0.07306315751149053 0.027551660825440232 0.0008712600152882594 0.019061902293627683 0.12706441272935337 0.008004963789449504
0.07576067435169177 0.028515649593540412 0.0009017440167484237 0.019870001148352565 0.131651347555031 0.007888379455687019
0.060955383998894386 0.03021814336149184 0.0009555815968381106 0.0017278230103703815 0.12018294498741838 0.04367690651613327
0.07934985065382462 0.02826213237377868 0.0008937270983432185 0.023956071201218405 0.13474363010643084 0.00499062160652222
0.07963860205001626 0.028552219613877553 0.0009029004623318642 0.023676251606816252 0.13560095249321627 0.005283413197048739
0.07167202606472463 0.02884644132902833 0.0009122045699014414 0.015133001059829107 0.12821105106962016 0.012969508087279303
0.12065741707528607 0.02797201370921768 0.0008845527406258272 0.06583227020521942 0.17548256394535272 1.6068660596421765e-05
0.0710268801383862 0.028443668366676788 0.0008994677704918003 0.015277290139699702 0.12677647013707272 0.012521120926645798
0.036167718753007005 0.0296438582802472 0.0009374211080082315 -0.021934243476277503 0.09426968098229152 0.22243659353949852
0.03389346923283208 0.029429250228467325 0.000930634605529874 -0.023787861214963874 0.09157479968062804 0.24944714151981573
0.068518882977232 0.0285052124630122 0.0009014139657013675 0.0126486665497281 0.12438909940473591 0.016228678867925016
0.11678789078924127 0.028561610197816608 0.0009031974186699283 0.060807134801520724 0.17276864677696183 4.3327172450536876e-05
0.07542305836983954 0.02903628876529421 0.0009182080729668798 0.018511932389862887 0.1323341843498162 0.009389289505643836
0.00827396328699672 0.028914204585887376 0.0009143474322348975 -0.04839787770134254 0.06494580427533597 0.7747589027637141
0.09464872420601221 0.029421932306875363 0.0009304031925301828 0.0369817368845365 0.1523157115274879 0.001295636458983812
0.10803195118079191 0.02890827342623035 0.0009141598724980745 0.05137173526538042 0.1646921670962034 0.00018618453556195505
0.053836955850921006 0.028750418901700464 0.000909168074133301 -0.0025138651964119046 0.11018777689825392 0.0611288258820492
0.06136865074855008 0.030307995066215652 0.0009584229572238722 0.001964980418767401 0.12077232107833276 0.04288444011928253
0.07842391870682994 0.029174730127792824 0.0009225859732456061 0.021241447656356 0.13560638975730388 0.007186484004269845
0.06742396649797573 0.02881031308748047 0.0009110620945899619 0.01095575284651401 0.12389218014943745 0.019269704677019394
0.09539879967296873 0.027944340952670503 0.000883677651227583 0.04062789140573454 0.1501697079402029 0.0006404332226991741
0.04754929854068092 0.02896571164011125 0.00091597622830403 -0.009223496273937128 0.10432209335529896 0.10067875332201147
0.09772048984610879 0.027989442949468785 0.0008851039015966249 0.04286118166514997 0.15257979802706761 0.00048061527580883003
0.0324005321021571 0.02835245053156496 0.0008965832092699697 -0.02317027093971022 0.08797133514402442 0.25313113572565504
0.08170583473297734 0.02887755929001139 0.0009131886062299087 0.025105818524555013 0.13830585094139966 0.0046637044671567545
0.05677389946682149 0.028933373274866975 0.0009149535994042465 6.448784808221752e-05 0.11348331108556076 0.049735847726335054
0.0756719734781636 0.02918537369354329 0.0009229225523475784 0.018468641038818748 0.13287530591750846 0.00951968182115381
0.0792696101079212 0.02871365615877061 0.0009080055341263649 0.02299084403673081 0.13554837617911158 0.005767874050109831
0.07327487172858599 0.02988184364510828 0.0009449468660357038 0.014706458184173758 0.1318432852729982 0.014200401437477729
0.0765278892648503 0.03027973969138822 0.0009575294438179075 0.017179599469729384 0.1358761790599712 0.011492269982768895
0.042506793195772635 0.029761409181226463 0.0009411383938892255 -0.015825568799431235 0.1008391551909765 0.15321932851036832
0.06947992560804685 0.029336833296153254 0.0009277121255250932 0.011979732347586466 0.12698011886850724 0.017867563991136582
0.020046219283740403 0.03010576381805806 0.000952027843641505 -0.03896107779965339 0.0790535163671342 0.5055006876876662
0.08013893527974054 0.029833635949578052 0.0009434224048494693 0.02166500881856756 0.13861286174091353 0.007227110290421511
0.12292449621873971 0.028088889239768863 0.0008882486694186505 0.06787027330879275 0.17797871912868668 1.207287767596327e-05
0.0595434453925253 0.02919131468496148 0.0009231104229919884 0.0023284686100008 0.1167584221750498 0.041373657525893906
0.0388142582781454 0.028256106962816423 0.0008935365581184257 -0.016567711368974787 0.09419622792526558 0.16954754193835464
0.05125618945979336 0.03039455603690719 0.0009611602554624756 -0.008317140372544732 0.11082951929213145 0.09172631661303327
0.06193924498518408 0.02974699001980405 0.0009406824199687809 0.003635144546368138 0.12024334542400002 0.0373240138647739
-0.009556024998372646 0.029743036495821714 0.0009405573985630981 -0.06785237653018321 0.04874032653343791 0.7479935687016499
0.04149879811236325 0.028062411074050157 0.0008874113562993055 -0.01350352759277506 0.09650112381750156 0.13919277921208528
0.10811476128340952 0.03018439956797674 0.0009545145243940893 0.04895333813017511 0.16727618443664394 0.00034122291873871317
0.12822703116184384 0.02994832026670968 0.0009470490413898394 0.06952832343909286 0.1869257388845948 1.8554586294371388e-05
0.09873477855723149 0.028791161153316137 0.0009104564572543929 0.04230410269673186 0.1551654544177311 0.0006050434690908153
0.12298087280959773 0.02854800459857886 0.0009027671718447009 0.06702678379638316 0.1789349618228123 1.648399481257598e-05
0.03360572357118371 0.028241289109153037 0.000893067976442312 -0.02174720308275624 0.08895865022512366 0.23406602247102892
0.08564371232496804 0.029018445241352293 0.0009176438111954778 0.028767559651917546 0.14251986499801853 0.003163838018499211
0.06398955932834773 0.028915176542036816 0.000914378168187078 0.007315813305955571 0.12066330535073988 0.026896993209025364
0.12751645905072564 0.028756894747557767 0.0009093728583601533 0.07115294534551242 0.18387997275593887 9.23754932225361e-06
0.07085372868982771 0.027836459457065157 0.0008802661387925996 0.016294268153980003 0.12541318922567543 0.010916604689046337
0.05540073463174219 0.029233769907879247 0.0009244529750218917 -0.001897454387701128 0.11269892365118551 0.05807998257229245
0.06621154224968995 0.028850808958391337 0.0009123426864690667 0.009663956691242925 0.12275912780813697 0.021735238508855417
0.08088761416734402 0.02879692192316681 0.0009106386287924345 0.024445647197937077 0.13732958113675098 0.004971140584550479
0.15477684668162628 0.029071303400501878 0.0009193153329538413 0.0977970920166426 0.21175660134660995 1.0148633539966315e-07
0.049225363642359306 0.02907126125055859 0.0009193140000556009 -0.007754308408735526 0.10620503569345413 0.09040494239484556
0.07396393939213879 0.028445221063466523 0.0008995168710755122 0.0182113061077444 0.12971657267653317 0.009316299427954644
0.09952794833865475 0.028122638983171126 0.0008893159300146245 0.04440757593163934 0.15464832074567014 0.0004015415026928108
0.11399545365226167 0.030209094042265693 0.0009552954322378248 0.054785629329420917 0.17320527797510243 0.0001609425093650499
0.0755676220009925 0.027834381518858774 0.0008802004286169071 0.021012234224029307 0.13012300977795568 0.006629535682499062
0.10957670022933691 0.029510800069229327 0.0009332134379261937 0.05173553209364743 0.1674178683650264 0.00020473187042778013
0.04447101102533696 0.02827996361507025 0.0008942909717031126 -0.010957717660200726 0.09989973971087465 0.11582834414600753
0.05793195820334169 0.02942301653446834 0.0009304374788171409 0.0002628457957837421 0.11560107061089964 0.04896074644414872
0.10181883380792768 0.029170704657553195 0.0009224586766995017 0.04464425267912342 0.15899341493673194 0.00048221106877838985
0.02397866105958991 0.02889538727880763 0.0009137523767368696 -0.032656298006873044 0.08061362012605287 0.4066270429091128
0.00266834056161535 0.02904200641801374 0.0009183888810215155 -0.05425399201769158 0.05959067314092228 0.9267944485505537
0.05552888838233167 0.029056015173049555 0.0009188318767524808 -0.0014209013568454582 0.1124786781215088 0.055992006278936045
0.08901465407076761 0.029489347638724468 0.0009325350525087754 0.031215532698867655 0.14681377544266758 0.002539993184200581
0.08081579578520232 0.029014341000076358 0.0009175140236904895 0.023947687425052655 0.13768390414535198 0.005346598797915035
0.08924030153038857 0.029165348477142593 0.0009222892994029389 0.03207621851518909 0.14640438454558807 0.0022148057591999805
0.073224557865169 0.029210353138027726 0.0009237124717401439 0.015972265714634656 0.13047685001570336 0.012182909771741454
-0.008549968280986562 0.029802116767759197 0.0009424256808041437 -0.06696211714579459 0.049862180583821455 0.7741955455570372
0.09513916957231905 0.02889155888270522 0.0009136313122221802 0.03851171416221682 0.15176662498242127 0.0009913342970055996
0.06054625027249339 0.029209859174623758 0.0009236968512457708 0.003294926290230829 0.11779757425475595 0.038190723769338714
0.10213680916508198 0.029331195171372407 0.0009275338323646961 0.04464766662919207 0.1596259517009719 0.0004973297548496144
0.08977749823516347 0.027672214774512274 0.0008750722658882154 0.035539957277119415 0.14401503919320752 0.0011773172385008885
0.1190026394651299 0.029493295221596195 0.0009326598860400446 0.061195780830801356 0.17680949809945845 5.462443267402447e-05
0.07238838754591052 0.028795476943115093 0.0009105929345110652 0.01594925273740494 0.1288275223544161 0.01194108928143194
0.09856354643269583 0.029623385688399423 0.0009367737078097719 0.04050171048343296 0.1566253823819587 0.000877168253666244
0.019979556136889256 0.028047309054703175 0.0008869337885152616 -0.03499316961032897 0.07495228188410748 0.4762468434980508
0.16392823416395283 0.029342866774970524 0.0009279029208778627 0.1064162152850106 0.22144025304289505 2.3149580639098267e-08
0.04151965533157821 0.029261132973225447 0.0009253182711244718 -0.01583216529594366 0.09887147595910009 0.15591787133565851
0.06878750161387119 0.029216498677059517 0.0009239068107480432 0.011523164206834538 0.12605183902090783 0.01855233220227048
0.096928964655661 0.029796150054361422 0.0009422369967593197 0.03852851054911262 0.1553294187622094 0.0011416533172286503
0.08659748297500988 0.030433530618294107 0.0009623927399428182 0.026947762963153432 0.14624720298686633 0.004434692195344908
0.040547184982377416 0.02815246549619603 0.0008902591271728182 -0.0146316473901668 0.09572601735492163 0.14979068898538875
0.08417833547231432 0.028738904688104954 0.0009088039627290261 0.027850082283628612 0.14050658866100002 0.0033997511168052962
0.06067553513565335 0.028329959947566905 0.0008958719945565578 0.00514881363842222 0.11620225663288448 0.03221404987244356
