-0.024176895628340404 0.024991592339713365 0.0007903035414791078 -0.0731604166141786 0.024806625357497787 0.33334352622930363
-0.04587900311219527 0.02653341963761756 0.0008390604016791099 -0.09788450560192569 0.0061264993775351426 0.08379074585994022
-0.07136531353354028 0.025317872272108972 0.0008006214188908665 -0.12098834318687388 -0.021742283880206693 0.004820772320301314
-0.07646705503933549 0.026324142468214903 0.0008324424765032569 -0.1280623742770367 -0.02487173580163428 0.0036745724541142376
-0.04475650843998736 0.02484937424174808 0.0007858062103384352 -0.09346128195381359 0.003948265073838879 0.07168521412836956
-0.10222928590981634 0.025258216540548554 0.0007987349390187213 -0.1517353903292915 -0.05272318149034117 5.179687461988494e-05
-0.006846755725852555 0.025851032222671592 0.000817481416900473 -0.057514778882288876 0.04382126743058377 0.7911217439729623
-0.08936649431044268 0.025197908013514188 0.000796827815941137 -0.1387543940169305 -0.03997859460395487 0.0003902604865389958
-0.044321315620895134 0.025899154827959736 0.000819003187296991 -0.09508365908369622 0.00644102784190595 0.08702509121362145
-0.06579198182396886 0.02486701957220468 0.0007863642046815272 -0.11453134018549004 -0.017052623462447694 0.008150940405600273
-0.03750999211627168 0.025279285862887572 0.0007994012094921971 -0.08705739240753133 0.012037408174987961 0.13785581722801973
-0.07054955430324239 0.02685227890621165 0.0008491436170972371 -0.12318002095941723 -0.017919087647067553 0.008606012546266592
-0.10286378683103528 0.025937882288357764 0.0008202278571255084 -0.1537020361162165 -0.05202553754585407 7.315806648921071e-05
-0.1156343775382984 0.025664127015397338 0.0008115709552851479 -0.1659360664884772 -0.06533268858811962 6.61603184498605e-06
-0.11120066097194006 0.02513762496788323 0.0007949214986562801 -0.1604704059089912 -0.061930916034888935 9.70363572450253e-06
-0.07399879525893677 0.02562259359190867 0.0008102575531126627 -0.12421907869907775 -0.023778511818795776 0.0038766403735570826
-0.08023346393449234 0.024779606133981162 0.0007835999490525997 -0.12880149195709542 -0.03166543591188926 0.0012042020911734775
-0.059585104654035964 0.025609677035997022 0.0008098490957506054 -0.10978007164459012 -0.009390137663481804 0.019983173956966645
-0.06841026847696259 0.025540076813204905 0.0008076481434538228 -0.1184688190308442 -0.018351717923080976 0.007394259311322016
-0.10303319574308781 0.024815200379993036 0.0007847255379425386 -0.15167098848787416 -0.05439540299830146 3.2955418072897176e-05
-0.10760618970165164 0.025191687789672734 0.0007966311151921863 -0.1569818977694102 -0.058230481633893084 1.9416614649702912e-05
-0.06921689406972807 0.027168128392972533 0.000859131654856833 -0.12246642571995422 -0.01596736241950191 0.010842820229057271
-0.0793449637013958 0.025929099433479996 0.0008199501188677837 -0.13016599859101657 -0.028523928811775005 0.002212822902718757
-0.07125448284603932 0.026726589708221376 0.0008451689756679458 -0.12363859867415322 -0.018870367017925417 0.007674777901031335
-0.09957696566300958 0.02502996991294197 0.0007915171469038307 -0.14863570669237586 -0.05051822463364332 6.940700466678394e-05
-0.019172160031975742 0.025852087550731016 0.0008175147893039376 -0.06984225163140853 0.031497931567457046 0.4583238180862459
-0.010601710968878955 0.025127222493916045 0.000794592543545911 -0.0598510670569544 0.03864764511919649 0.6730824452532496
-0.12552820725829392 0.02642048217451944 0.0008354890055135971 -0.17731235232035203 -0.07374406219623582 2.0224282035922186e-06
-0.1026571868059791 0.026006308360608618 0.0008223916795220278 -0.153629551192772 -0.05168482241918621 7.90059562196982e-05
-0.08196465352658486 0.02617739940275538 0.0008278020533263842 -0.1332723563559854 -0.030656950697184313 0.001741392959851388
-0.04805068169333051 0.025502545214141983 0.0008064612900811521 -0.0980356703130488 0.0019343069263877757 0.05954436445377284
-0.055091357466352596 0.025974262063215656 0.0008213782866186591 -0.10600091111025528 -0.0041818038224499116 0.03392197209655227
-0.060659489183611956 0.026470186054474605 0.0008370607802056562 -0.11254105385038218 -0.008777924516841729 0.021927839101795438
-0.08083228368700074 0.025707704503493207 0.0008129489964560661 -0.13121938451384743 -0.030445182860154053 0.0016649466381515768
-0.055412136263575225 0.025630538005571663 0.0008105087775311587 -0.10564799075449569 -0.005176281772654764 0.030621445038130742
-0.13024788431600515 0.02443824468293244 0.0007728051521456594 -0.17814684389455274 -0.08234892473745756 9.838906060172583e-08
-0.04124818037241302 0.025327098504611942 0.0008009131779801831 -0.09088929344145243 0.008392932696626387 0.10339381215836455
-0.11426514273375597 0.02534637291779469 0.0008015226884423897 -0.16394403365263355 -0.06458625181487838 6.539665473707298e-06
-0.04996791098660109 0.02558476105669614 0.0008090611833033613 -0.10011404265772553 0.00017822068452334056 0.05081555375442391
-0.06496886102279738 0.026331628173528226 0.0008326791952900862 -0.1165788522429127 -0.013358869802682055 0.013612419334669588
-0.1331851069935795 0.02498389980601192 0.0007900602822043661 -0.18215355061336286 -0.08421666337379613 9.776093181815029e-08
-0.05130569436791183 0.026822513635498025 0.0008482023565909714 -0.10387782109348796 0.0012664323576642988 0.05577561743849942
-0.05546168485433462 0.025645335065796655 0.0008109767016610154 -0.10572654158329606 -0.005196828125373178 0.030568706837845717
-0.051955886357992295 0.02570637602515836 0.0008129069862824631 -0.10234038336730268 -0.0015713893486819092 0.04326647629165234
-0.0957741518728918 0.025998419855245956 0.0008221422230792232 -0.14673105478917386 -0.04481724895660973 0.00022974187472117082
-0.030195738415688324 0.026403143610749222 0.0008349407119848975 -0.0819458998927568 0.021554423061380154 0.2527722232285071
-0.11325773418821942 0.026667911120071525 0.0008433133957835809 -0.1655268399835596 -0.06098862839287924 2.1668401586558468e-05
-0.14258379748139416 0.02495303580983486 0.0007890842769482237 -0.1914917476686705 -0.09367584729411783 1.1029508544678745e-08
-0.08316843502274004 0.025915930681346275 0.0008195336863609361 -0.13396365915817873 -0.03237321088730135 0.0013312219356638375
-0.09403452999435365 0.025661888966092967 0.0008115001819519722 -0.14433183236789587 -0.043737227620811434 0.0002479528950256304
-0.07384496592017835 0.026700596067513058 0.0008443469845747623 -0.12617813421250396 -0.021511797627852755 0.005680645478227578
-0.0677538028786697 0.02587732911695774 0.000818312997713802 -0.11847336794790686 -0.01703423780943253 0.008837716333246997
-0.02233198731027831 0.02586878449039961 0.0008180427928970094 -0.07303480491146154 0.02837083029090492 0.3879838982005699
-0.07175096204250796 0.02491466703328227 0.0007878709496988212 -0.12058370942774121 -0.022918214657274706 0.003978412077926612
-0.105050126186886 0.024610013194066034 0.0007782369494004408 -0.15328575204725542 -0.056814500326516575 1.9670995103172294e-05
-0.13398148035128749 0.0247376227242235 0.0007822723170648562 -0.18246722089076556 -0.08549573981180943 6.091246494563878e-08
-0.09193277675499421 0.02564171625217733 0.0008108622647263683 -0.14219054060926178 -0.04167501290072665 0.00033671451998175227
-0.12082720018358784 0.026474452568864965 0.0008371956992370904 -0.17271712721856317 -0.0689372731486125 5.020797082670258e-06
-0.07742135534397501 0.02720831256270579 0.0008604023898792319 -0.13074964796687835 -0.024093062721071666 0.004434123777819145
-0.04337249906575948 0.026387791147897847 0.0008344552244818628 -0.09509256971563926 0.008347571584120299 0.10024690493480355
-0.03126366198453852 0.02519296036308371 0.0007966713574968707 -0.08064186429618259 0.01811454032710555 0.21461750665429902
-0.11478840825270649 0.025979577171924086 0.0008215463651139594 -0.1657083795096777 -0.06386843699573527 9.942993931892954e-06
-0.0693565588319475 0.025583725932406653 0.0008090284497992 -0.11950066165946453 -0.01921245600443046 0.006708791882242082
-0.02844928838610232 0.026637954758727593 0.0008423660924610024 -0.0806596797132084 0.02376110294100376 0.28552131270396697
-0.0411893405753156 0.02500899736970376 0.0007908539368542396 -0.09020697541993497 0.007828294269303766 0.09956197524132698
-0.08069732378137587 0.024630453549231036 0.0007788833301854828 -0.1289730127378687 -0.03242163482488304 0.0010516817462957666
-0.17042665527388892 0.026777675608395314 0.0008467844536766422 -0.22291089946634374 -0.1179424110814341 1.9592030289375124e-10
-0.07367326682059366 0.027267672354357446 0.0008622795113097547 -0.12711790463513425 -0.020228629006053073 0.006895405484808972
-0.06385056334780073 0.026087031830796557 0.0008249443797862936 -0.11498114573616197 -0.012719980959439485 0.014381206479187657
-0.11072812895266776 0.026077404739544265 0.0008246399444302985 -0.16183984224217451 -0.059616415663161004 2.1749155409370327e-05
-0.07027506836312726 0.025911387510416103 0.000819390018681548 -0.12106138788354281 -0.0194887488427117 0.006685223672745324
-0.057369517320286806 0.02694739474413939 0.0008521514439913079 -0.1101864110188 -0.0045526236217736035 0.03325882332779607
-0.07708729514516069 0.025852838664355737 0.0008175385416022947 -0.12775885892729794 -0.02641573136302345 0.0028658444802946224
-0.07502747667350625 0.025300364969806876 0.0008000677893812692 -0.12461619201432772 -0.025438761332684773 0.003022206891299144
-0.02033519621941209 0.0250689577643434 0.0007927500510188778 -0.06947035343752515 0.028799960998700972 0.4172678279015388
-0.09201020065240852 0.025402401553570597 0.0008032944694748283 -0.14179890769740688 -0.04222149360741015 0.0002922139023337004
-0.021158325954187606 0.02696778126469743 0.0008527961223766005 -0.07401517723299457 0.03169852532461935 0.43270107515989
-0.054222153891703415 0.027316694109634398 0.0008638297153255002 -0.10776287434658682 -0.000681433436819999 0.047150515654006304
-0.08809504806624624 0.02631714391482757 0.0008322211628129543 -0.13967665013930827 -0.03651344599318421 0.0008156177744169136
-0.06134794552520312 0.02568649242545232 0.0008122782116509217 -0.11169347067908966 -0.011002420371316567 0.016924912354721044
-0.07558094223245218 0.026369701322376763 0.0008338831739706462 -0.12726555682431062 -0.023896327640593726 0.004154265074514106
-0.1154927757792788 0.025327810250211587 0.0008009356853522779 -0.1651352838696935 -0.0658502676888641 5.11732344348418e-06
-0.06216950805132623 0.026763177289848273 0.000846325976588129 -0.11462533553942886 -0.009713680563223616 0.02018186801039575
-0.008174321807887472 0.02557063025392501 0.0008086143280841275 -0.05829275710558049 0.04194411348980555 0.7492138064975438
-0.06520051922684345 0.02522865858208118 0.0007978002343013058 -0.11464869004772255 -0.015752348405964338 0.009755336452476103
-0.041216748625133415 0.02483984249214177 0.0007855047899500116 -0.08990283990973127 0.007469342659464452 0.09705537168180924
-0.10846450066757878 0.02655889740062678 0.0008398660792870611 -0.16051993957280725 -0.05640906176235029 4.4281646705002265e-05
-0.06991359280248666 0.02572124929159335 0.000813377320264274 -0.12032724141400962 -0.019499944190963694 0.006565285962591875
-0.13429180935629204 0.023863047169952988 0.000754615809690866 -0.1810633818093999 -0.08752023690318418 1.8272867733531553e-08
-0.09314786167523371 0.02649735997047471 0.0008379200948807204 -0.14508268721736414 -0.04121303613310329 0.0004391518504776842
-0.05268172988058851 0.026565410969680854 0.0008400720564261377 -0.10474993538116298 -0.0006135243800140383 0.04735683492728398
-0.03258552715134199 0.02553735116967732 0.0008075619510374542 -0.08263873544390954 0.017467681141225558 0.2019573593212054
-0.13424332108299503 0.026535762264556298 0.0008391344820474546 -0.18625341512152538 -0.08223322704446467 4.2155250478047965e-07
-0.027490044015714827 0.026978552234828177 0.0008531367303588285 -0.08036800639597805 0.025387918364548397 0.30822233639949914
-0.08016234556824342 0.024813233291771538 0.0007846633331511543 -0.12879628282011563 -0.03152840831637121 0.0012351824773190999
-0.11274178142226382 0.026603236795785887 0.0008412682140748313 -0.16488412554200416 -0.060599437302523484 2.2562307658961165e-05
-0.10140424766301441 0.0256775520218692 0.0008119954912656838 -0.15173224962587806 -0.05107624570015078 7.84324733062146e-05
-0.07115737981053684 0.024425361871187552 0.0007723977618678493 -0.11903108907806445 -0.023283670543009234 0.00357679000684827
-0.07386349710621852 0.025366270518415873 0.0008021519058217429 -0.12358138732231363 -0.024145606890123412 0.0035926237862860355
-0.08178065359582712 0.026745558264801614 0.0008457688140951391 -0.1342019477948383 -0.029359359396815957 0.00223021597037086
