(-0.003024690162452181, 0.003606958504669471, 0.00011406204300470611, -0.010094328831604344, 0.004044948506699982, 0.4017101891869691)
(-0.008193064427414432, 0.0038913834602016346, 0.00012305634983344357, -0.015820176009409635, -0.0005659528454192283, 0.03525324769586056)
(-0.010536248865986973, 0.0034151548046475943, 0.00010799667744753794, -0.017229952283096258, -0.003842545448877688, 0.0020345271985313996)
(-0.011687534656963537, 0.003953772794638181, 0.00012502927381865823, -0.019436929334454373, -0.003938139979472702, 0.0031161050986026014)
(-0.0066807393547128465, 0.0037902950504945998, 0.00011985965363625853, -0.014109717653682262, 0.0007482389442565688, 0.0779695223158187)
(-0.013880155112230239, 0.0036682480733903023, 0.00011600018934437852, -0.021069921336075232, -0.006690388888385247, 0.00015441166526494691)
(-0.0034240115161202522, 0.003999358482466515, 0.00012647081984108773, -0.011262754141754622, 0.004414731109514118, 0.3919202426464047)
(-0.0112523104606607, 0.003926604792580696, 0.00012417014615888027, -0.018948455854118862, -0.003556165067202537, 0.004161422035936665)
(-0.007556784235331915, 0.003975307927153901, 0.0001257102745032905, -0.01534838777255356, 0.0002348193018897318, 0.05731111156426398)
(-0.009124522951109527, 0.0037113664983692177, 0.00011736371366490321, -0.016398801287913194, -0.0018502446143058605, 0.01395053329050071)
(-0.005842452214751244, 0.0038164892374511717, 0.00012068798655864893, -0.01332277112015554, 0.001637866690653052, 0.12580778607892076)
(-0.01145497055220014, 0.0036584938143156926, 0.00011569173258874718, -0.018625618428258897, -0.004284322676141383, 0.001741754508762742)
(-0.01215866741996627, 0.0037916621538887445, 0.00011990288524148297, -0.01959032524158821, -0.004727009598344331, 0.001342737811472115)
(-0.014005846477684195, 0.003856687941237015, 0.00012195918118814592, -0.021564954842508744, -0.006446738112859646, 0.00028169818857616357)
(-0.0162800588354888, 0.0039543464786882835, 0.00012504741530121454, -0.024030577933717837, -0.008529539737259763, 3.838300177400231e-05)
(-0.010705499054915095, 0.0037240866432998437, 0.00011776595996638544, -0.018004708875782788, -0.003406289234047402, 0.004044572299783479)
(-0.01012884337111109, 0.00350297254886722, 0.00011077371835465897, -0.01699466956689084, -0.003263017175331339, 0.0038340820357276556)
(-0.007190755641202104, 0.003945347254746948, 0.00012476283485292916, -0.01492363626050612, 0.0005421249781019134, 0.06836531201234312)
(-0.008035160996366277, 0.003723935570721673, 0.0001177611826319953, -0.015334074714980755, -0.0007362472777517988, 0.030950637174727864)
(-0.016334737121245977, 0.003656104032626396, 0.00011561616105625976, -0.023500701025193714, -0.009168773217298242, 7.902859072706347e-06)
(-0.013356302443069599, 0.003705153202171561, 0.00011716723198728462, -0.020618402719325857, -0.00609420216681334, 0.00031240438595665624)
(-0.008500996007019389, 0.004028909216206982, 0.00012740529609257833, -0.016397658070785075, -0.0006043339432537046, 0.03485840802299552)
(-0.007574129673619939, 0.0036077611836973613, 0.00011408742594428795, -0.014645341593666768, -0.0005029177535731113, 0.03578175615203441)
(-0.009931642785926982, 0.003905722201509498, 0.00012350978064657147, -0.017586858300885598, -0.002276427270968367, 0.010995426582894234)
(-0.01297220787565496, 0.0037935001943817004, 0.00011996100918537657, -0.020407468256643094, -0.005536947494666827, 0.0006271603551914804)
(-0.005134093416581613, 0.003777623113846175, 0.0001194589318145147, -0.012538234719720116, 0.0022700478865568894, 0.17412112267054236)
(-0.003268878500926904, 0.004147779814294267, 0.0001311643144604011, -0.011398526936943668, 0.004860769935089861, 0.43063634972787335)
(-0.014543425591759116, 0.003796066101730849, 0.0001200421503002593, -0.021983715151151578, -0.007103136032366652, 0.00012752837705749638)
(-0.011709964036138007, 0.003632215883661473, 0.00011486075145811425, -0.018829107168114492, -0.004590820904161521, 0.0012644986173307143)
(-0.00961150113268057, 0.003908855296983314, 0.00012360885782481169, -0.017272857514767863, -0.0019501447505932742, 0.013936175785209007)
(-0.0057392816811760615, 0.0036011139672374112, 0.00011387722250315191, -0.012797465056961388, 0.0013189016946092641, 0.11099164871700751)
(-0.008957968997518726, 0.003923356715212098, 0.00012406743293386812, -0.01664774815933444, -0.001268189835703014, 0.022416174937038617)
(-0.00808747283980364, 0.0037589910212785867, 0.00011886973331362796, -0.015455095241509668, -0.0007198504380976104, 0.031436679102700676)
(-0.008272523590951127, 0.003962258887096267, 0.0001252976276246815, -0.01603855100965981, -0.0005064961722424438, 0.036813158273438056)
(-0.007362692872884128, 0.003640490724037544, 0.00011512242488674134, -0.014498054691997714, -0.0002273310537705426, 0.04313038284241145)
(-0.014319238533367667, 0.003987606411940531, 0.00012609918674023727, -0.02213494710077111, -0.006503529965964228, 0.0003294928254131489)
(-0.005849519085857491, 0.003749019357646644, 0.00011855440162224791, -0.013197597026844914, 0.001498558855129931, 0.11869378032136531)
(-0.013995429042193142, 0.0036417706813442, 0.00011516290069070943, -0.021133299577627773, -0.006857558506758509, 0.00012152527904297709)
(-0.0069878266684022545, 0.0035619857221818, 0.00011263987875094238, -0.013969318683878584, -6.3346529259262e-06, 0.04978828893140498)
(-0.008359992216285717, 0.0036797586339323003, 0.00011636418522895827, -0.015572319138793025, -0.0011476652937784087, 0.023093395185908416)
(-0.016104610071420885, 0.0041181442027986995, 0.00013022715413862248, -0.024176172708906336, -0.008033047433935434, 9.204905160413684e-05)
(-0.005965364614869043, 0.003922286866976477, 0.0001240336013621154, -0.013653046874142937, 0.0017223176444048525, 0.12828758835148488)
(-0.007060758009821868, 0.003666803544660969, 0.00011595450933507608, -0.014247692957357366, 0.00012617693771363112, 0.054155664262452025)
(-0.006580852899794216, 0.0037827047775889897, 0.00011961962813181861, -0.013994954263868636, 0.0008332484642802045, 0.08190792896483262)
(-0.012842198493537547, 0.0036669291406722093, 0.0001159584810296816, -0.020029379609255077, -0.005655017377820017, 0.0004614901355667093)
(-0.006294914278596471, 0.0038882863840525262, 0.0001229584116862619, -0.013915955591339423, 0.0013261270341464806, 0.10545951369931368)
(-0.014839551315889097, 0.003809375474081709, 0.00012046302960881918, -0.022305927245089247, -0.007373175386688947, 9.79826539088215e-05)
(-0.01755069913326292, 0.0036481582495683433, 0.00011536489333368951, -0.024701089302416872, -0.010400308964108968, 1.5029863835829009e-06)
(-0.00887895722017445, 0.0034952562336275387, 0.00011052970704164635, -0.015729659438084426, -0.002028255002264474, 0.011076124257176962)
(-0.014000192840245458, 0.003985677746267791, 0.0001260381969765289, -0.021812121222930327, -0.006188264457560589, 0.00044370258710189957)
(-0.007739549174512695, 0.0036647583770381843, 0.00011588983545622777, -0.014922475593507536, -0.0005566227555178545, 0.034696292509690745)
(-0.009998656166479691, 0.0036996974197780514, 0.00011699470499946726, -0.017250063109244672, -0.00274724922371471, 0.006880765776539703)
(-0.004059782994920779, 0.0037199414586050463, 0.00011763487771680914, -0.011350868253786669, 0.0032313022639451116, 0.27511596216123935)
(-0.008268561676709021, 0.003879554055599827, 0.0001226822712143897, -0.015872487625684682, -0.0006646357277333599, 0.03306298952277308)
(-0.014336871339377671, 0.0036758212250045893, 0.00011623967342604779, -0.021541480940386666, -0.007132261738368676, 9.606645917873776e-05)
(-0.016796130522773584, 0.0038319519489717715, 0.00012117696043072115, -0.024306756342758258, -0.009285504702788912, 1.1696004580576227e-05)
(-0.01245810241545811, 0.0036410188364240383, 0.00011513912526676003, -0.019594499334849226, -0.005321705496066994, 0.0006225430713553354)
(-0.01245433668360627, 0.0038350582503584086, 0.00012127519030552827, -0.019971050854308753, -0.00493762251290379, 0.0011642526266222965)
(-0.013202332995852517, 0.003950662644849429, 0.00012493092224669073, -0.020945631779757397, -0.005459034211947637, 0.0008323636255072752)
(-0.0066801176124543634, 0.0038969413501775438, 0.00012323210574652848, -0.014318122658802349, 0.0009578874338936226, 0.08649290782193367)
(-0.00525959223856895, 0.003896378078432029, 0.00012321429352995402, -0.012896493272295726, 0.0023773087951578266, 0.17705864447312292)
(-0.01616033291302195, 0.003927805321439177, 0.0001242081102147759, -0.023858831343042737, -0.008461834483001163, 3.8828604201210976e-05)
(-0.010417170744961868, 0.004010589220549121, 0.00012682596696254598, -0.018277925617238143, -0.0025564158726855916, 0.009392794535241361)
(-0.004937111989778114, 0.0037764778258225803, 0.00011942271462719998, -0.012339008528390372, 0.0024647845488341433, 0.1910998296541423)
(-0.007671876558592987, 0.003693000789574852, 0.0001167829389585674, -0.014910158106159695, -0.00043359501102627814, 0.03776373930730878)
(-0.0104729422716376, 0.0036919228933627412, 0.00011674885288745203, -0.017709111142628572, -0.003236773400646628, 0.004557992188964947)
(-0.021354750465359503, 0.003960464554987131, 0.00012524088586124508, -0.029117260993134282, -0.013592239937584726, 6.96850560643193e-08)
(-0.006900635490310518, 0.0037250928043359778, 0.00011779777757205642, -0.014201817386809035, 0.00040054640618799806, 0.06395786772778876)
(-0.009387154526865565, 0.0039010045474215955, 0.0001233605953252657, -0.017033123439811892, -0.0017411856139192376, 0.01611313341056198)
(-0.012867213614707364, 0.003957889386630071, 0.00012515945188757804, -0.020624676812502303, -0.005109750416912425, 0.0011498808296512963)
(-0.011219755099809025, 0.0035074389238930618, 0.0001109149575343205, -0.018094335390639427, -0.004345174808978625, 0.001379791076942543)
(-0.007982518995126711, 0.003903624215674336, 0.00012344343650919266, -0.015633622457848412, -0.00033141553240501227, 0.04086477258343999)
(-0.012537164030459265, 0.0038548814591709227, 0.00012190205520933493, -0.020092731690434275, -0.004981596370484257, 0.0011448212145393128)
(-0.009654511061093019, 0.0036904187838711967, 0.00011670128876901644, -0.016887731877480563, -0.0024212902447054733, 0.008894004787789123)
(-0.004320410172257647, 0.003907325621575079, 0.00012356048524110401, -0.011978768390544802, 0.0033379480460295086, 0.26884749950463316)
(-0.013467276438557612, 0.003781435691919132, 0.00011957949611919229, -0.02087889039471911, -0.006055662482396114, 0.00036885608452549726)
(-0.005241439088781556, 0.0037704161207713486, 0.00011923102668253958, -0.012631454685493398, 0.0021485765079302865, 0.1644837259286709)
(-0.0060770492984184065, 0.003743981875907283, 0.00011839510246256902, -0.01341525377519668, 0.0012611551783598676, 0.10455705124352772)
(-0.011633791029150587, 0.003899006426423809, 0.00012329740919132958, -0.019275843624941252, -0.003991738433359922, 0.0028470814883006274)
(-0.007516427672157213, 0.0038946818291316623, 0.00012316065341726778, -0.015150004057255272, 0.00011714871294084533, 0.05361664538110942)
(-0.012272436669275572, 0.0039122244992292315, 0.00012371540135476024, -0.019940396687764865, -0.004604476650786279, 0.0017071761496325387)
(-0.015673374422867425, 0.003931641116140521, 0.00012432940869370644, -0.023379391010502848, -0.007967357835232003, 6.70632390772858e-05)
(-0.008238601888258631, 0.004150383767791265, 0.00013124665870011784, -0.01637335407312951, -0.00010384970338775217, 0.04714205602322582)
(-0.0030603247953417513, 0.003870680508944235, 0.00012240166503083526, -0.010646858592872451, 0.004526209002188949, 0.4291525963245898)
(-0.01024384978939968, 0.003766491444380167, 0.00011910691751778734, -0.017626173020384807, -0.002861526558414553, 0.006533471488456242)
(-0.008846755989979194, 0.0038129488839438027, 0.00012057603075059442, -0.016320135802509045, -0.0013733761774493407, 0.020330741450792215)
(-0.011418887099376149, 0.0037214227421210905, 0.00011768172001452077, -0.018712875673933486, -0.004124898524818812, 0.002151941062362561)
(-0.01127889882062025, 0.003940504612799074, 0.00012460969706844962, -0.019002287861706435, -0.003555509779534065, 0.004205811420227329)
(-0.018291353983484977, 0.003929264718633102, 0.0001242542604062125, -0.025992712832005858, -0.010589995134964097, 3.2372999749378133e-06)
(-0.011954359904380252, 0.0037251745701783784, 0.00011780036323502431, -0.019255702061929874, -0.004653017746830631, 0.0013316333338594826)
(-0.008151016272075973, 0.00380380025980982, 0.00012028672585339271, -0.01560646478130322, -0.0006955677628487263, 0.03212423935938759)
(-0.005855525185269708, 0.0035076804497299182, 0.00011092259525190295, -0.012730578866740347, 0.0010195284962009315, 0.09504923212816206)
(-0.01823118447095084, 0.003942461317696686, 0.00012467157351030224, -0.025958408653636342, -0.010503960288265333, 3.7583767666822754e-06)
(-0.004645236287640299, 0.004000139252120916, 0.0001264955099454462, -0.012485509221797295, 0.003195036646516696, 0.24553266661992734)
(-0.009685215244698701, 0.003668225513076161, 0.00011599947592460436, -0.016874937250327977, -0.0024954932390694254, 0.008283270559901967)
(-0.013267443990809796, 0.003817037857081542, 0.00012070533543465944, -0.02074883819068962, -0.005786049790929973, 0.0005092405290964044)
(-0.014876996340244699, 0.0038559168132665527, 0.00012193479598060469, -0.022434593294247143, -0.007319399386242256, 0.000114213275995455)
(-0.009467126686280187, 0.003678299079204467, 0.00011631803005586206, -0.016676592881520944, -0.002257660491039431, 0.010059468231684793)
(-0.00993179129149861, 0.003537704448416702, 0.00011187203745506435, -0.016865692010395346, -0.0029978905726018752, 0.004994143808976786)
(-0.008226623250035162, 0.003887921334749889, 0.00012294686781371601, -0.015846949066144943, -0.0006062974339253787, 0.0343495831233294)
